# id, SMA (m), Ecc, Incl (rad)
0 6.5450006728234267E+06 2.1426695906638649E-07 1.3141399114039116E-8
1 7.2402711144729611E+06 6.1750578319590424E-02 1.1565737513509033E-01
2 7.0050519061313365E+06 1.4672913372858570E-02 1.2645494092670293E+00
3 7.3575739622154105E+06 8.0634853386880687E-02 9.0362332850070159E-01
4 7.1274637997525558E+06 4.3156360957755213E-02 1.1807746095225369E+00
5 7.2914244348029047E+06 8.9643516226019931E-02 1.5539184929632870E+00
6 6.8956262628044039E+06 9.8900379290833319E-03 3.8445628448691299E-01
7 7.2415070729203559E+06 6.2719078962075750E-02 1.4878883965531768E+00
8 7.8883317264891351E+06 5.3903896488428776E-03 3.1285101288958600E-01
9 7.2840100695327073E+06 4.1530495011559962E-02 8.2855379686417274E-01
10 7.6386040837164382E+06 1.4670733759556792E-02 1.0570935219820945E+00
11 7.0998166426135227E+06 5.4093117212382094E-02 4.5789025010825174E-01
12 7.1839732186514018E+06 3.5199929383938892E-02 8.1368265389670028E-02
13 7.8164645294658896E+06 2.0940071275598840E-02 1.2619730068510284E+00
14 7.7642943773664488E+06 2.6907914441223195E-02 1.4167141069469327E+00
15 7.4676710477917083E+06 4.9741934365915071E-02 1.8307527057986375E-01
16 6.7327955566809298E+06 2.3350283487988373E-03 1.5423105626596481E+00
17 7.6942668968911301E+06 1.9643614887539410E-02 4.0909636593281390E-01
18 7.8104255437495885E+06 1.8144148652457875E-02 5.1563785485316660E-01
19 7.8079431143392064E+06 7.7422694034741139E-03 1.0957214074735897E+00
20 7.2916031582289524E+06 9.0272873819260385E-02 7.8645894136288919E-01
21 7.4558546785981674E+06 6.7770952718292157E-02 2.1972798843835468E-02
22 7.7891027577382782E+06 1.3084299477947309E-02 4.5584096020154091E-01
23 7.7656534703898123E+06 2.1296606433578575E-02 1.2986893916367717E-01
24 7.3526130747637060E+06 9.1506721235899133E-02 1.5513154060170745E-01
25 6.8468770145084281E+06 8.8109614404117183E-03 1.0660133651820460E+00
26 7.3486051472579259E+06 3.2763692012532049E-02 8.2133509561508822E-01
27 6.5803349019382205E+06 4.3272079701604039E-03 1.0721219066297411E-01
28 7.5042954583686255E+06 8.5257972723552060E-03 1.4642807670853664E+00
29 7.3532895810409933E+06 8.9273390171688324E-02 1.3608376605672665E+00
30 7.4150248702483084E+06 3.7483577963757113E-02 1.4081618169176691E+00
31 7.4046197436988428E+06 4.6896837127089752E-02 1.0476411563720374E+00
32 7.0918974308273764E+06 5.0243289261009863E-02 4.4595382148487704E-02
33 6.7622357322611790E+06 2.6650099961517782E-02 8.0401462722982819E-01
34 7.8942208003851455E+06 8.0118730570865400E-04 1.3099248091571729E+00
35 7.4036552626525695E+06 5.8953825903233961E-02 5.4266749116462309E-01
36 7.4157678992560394E+06 1.5688145597400453E-02 9.4949077504782697E-01
37 7.0820648275918756E+06 5.9764793663255059E-02 2.5273552266721667E-02
38 7.4382764178217184E+06 7.0189044645263376E-02 6.2894029668109341E-01
39 7.2577274052369110E+06 6.8427636148881546E-02 2.7494204469660961E-02
40 7.3108962634029444E+06 8.9882827770056087E-02 3.0027391055705471E-01
41 7.4950842370242011E+06 5.3796920932573461E-02 5.4546069372529815E-01
42 7.2207981403216645E+06 5.3298604286370677E-02 1.9690182426639988E-01
43 7.1273298393112011E+06 7.9706253900439936E-02 3.7355721077439524E-01
44 7.4023222028768510E+06 6.1976063381309385E-02 1.4257155478336065E+00
45 7.5521526557895709E+06 3.2686144019125223E-03 2.2321614298032655E-01
46 7.1014162307572886E+06 6.6464971966612454E-02 1.1832131398351806E+00
47 7.2010627299920116E+06 7.3194071409496769E-02 1.0528601816976857E+00
48 7.1535985010715947E+06 2.1992120789519082E-02 1.5106212609574052E+00
49 6.8747436154492572E+06 1.9832443774907213E-03 1.0202218759093054E+00
50 6.8097679451720426E+06 3.8531161162644191E-02 1.7088469802204609E-01
51 6.6700087914323453E+06 5.7866597087213034E-03 5.7014423338193532E-01
52 7.2148051781918481E+06 7.2339839333710639E-03 1.3590695990360089E+00
53 6.6025239652811382E+06 3.3637128541336271E-03 1.2566346004907865E+00
54 7.2716303462931924E+06 9.9050340999874711E-02 4.1945901026964577E-01
55 7.8124399627868729E+06 2.4986024462534989E-02 1.3208316862952563E-01
56 7.3030669470301960E+06 4.5427374135844113E-02 1.2573717979708834E+00
57 7.8539192511143927E+06 3.2064414498407076E-03 5.6157378120405843E-01
58 7.5807607115630396E+06 9.4672436742523416E-03 3.4011874483193028E-01
59 6.6825598857808532E+06 1.3944548265205907E-02 1.2153411185324745E+00
60 7.5911492476974800E+06 5.1325180206719466E-02 1.5498408223925726E+00
61 6.8229265213518469E+06 9.7729163190175168E-03 1.8856502003564499E-01
62 7.2678524737162329E+06 6.8143618922828178E-02 4.7013312827150683E-01
63 6.7483122904002108E+06 1.2041684517204164E-02 5.2920943657022712E-01
64 7.7651867478010524E+06 2.1588900183831881E-02 2.5699318219640763E-02
65 7.2775718150687478E+06 2.9535476407342557E-02 1.3179340854598036E+00
66 7.2760593618754335E+06 8.6700399709801659E-02 1.5252060981732201E+00
67 7.3668292236335520E+06 6.7725970278292705E-02 2.8126372404807737E-01
68 7.5499439521826785E+06 2.4358190808674410E-02 7.6181425484855869E-01
69 6.6266040294931680E+06 4.7347038047271034E-03 1.8342660209436651E-01
70 7.5210092541482765E+06 5.3514669664846637E-02 8.1896505826131150E-01
71 6.7776114616894247E+06 1.9367608579382797E-02 4.2118752839082890E-01
72 6.7585822946247403E+06 2.2270177146485767E-02 3.8568090603657518E-01
73 6.8454928048374625E+06 6.6002207674229823E-03 1.2432589072396554E+00
74 6.7646100022499477E+06 1.0073686658076588E-03 9.5303841736430861E-01
75 7.8613309322837163E+06 6.0123249767041909E-03 1.8481535437203009E-01
76 7.4048795171356453E+06 7.4509723992226329E-02 1.3397113652877140E+00
77 7.4464042758367378E+06 8.0032694352939401E-02 4.1984127108053498E-01
78 7.2636128818770638E+06 6.0840039402923839E-02 1.3213440935474017E+00
79 7.4420713862079736E+06 8.1215765932056011E-02 1.4871356608015200E+00
80 7.1354011923561823E+06 7.0058069090766020E-02 2.4991318236566615E-01
81 7.2105348324806876E+06 1.6856579045441591E-02 1.3589139219390456E+00
82 7.2972826949545667E+06 5.5113265295280080E-02 1.4356349398241282E+00
83 7.3598062522878135E+06 8.8424714769623672E-02 1.3271600489815718E+00
84 7.2092501715087108E+06 8.2704492522206879E-02 1.3950807555394575E+00
85 6.9291724513209276E+06 1.2938188159212785E-02 1.2727680336544605E+00
86 7.9355358185253209E+06 3.1150550439770579E-04 5.4164601029581949E-01
87 7.2007272275657896E+06 7.1288897341031859E-02 2.6100303006421488E-01
88 7.2178208608057257E+06 6.3866309009404695E-02 6.1027452901256463E-01
89 7.1033522139871735E+06 2.6758225167997824E-02 1.5453673497486426E+00
90 7.8214516251091827E+06 2.4432533432132177E-03 3.8522454147957678E-02
91 7.7162374792970251E+06 1.7692206371979543E-02 1.4485388852338945E+00
92 6.9968583859581836E+06 1.5507849682437761E-03 5.3311706003668402E-01
93 7.0445096431288989E+06 6.4731795091959851E-02 7.5193783130019842E-01
94 7.8529275223421901E+06 2.0456302142629550E-02 1.3789863155855526E+00
95 7.5786796529839095E+06 3.1986167931065339E-02 1.3229556254719652E+00
96 7.5374845533260545E+06 1.1728646336463259E-02 7.9272227014387697E-01
97 7.3883955668815840E+06 3.8496536288479190E-02 1.0856048372727303E+00
98 6.6805657514141556E+06 1.7958815600403754E-03 5.3521996807147798E-01
99 7.3467520465477128E+06 9.0133026246688550E-02 1.4556753658791717E+00
100 7.6149565527580623E+06 4.0044780831013968E-02 1.5600823094879697E+00
101 7.4073908469542451E+06 6.6340994786280041E-02 1.2290222228264056E+00
102 7.7654126815206185E+06 1.0722128128170159E-02 1.3916110981453540E+00
103 7.2577547141590025E+06 9.1681282664272279E-02 9.3867814417589568E-01
104 7.8294082775347224E+06 2.0640628468654706E-02 7.1043649041929380E-01
105 7.3593358433809206E+06 7.0659699636360027E-02 1.4550127627237528E+00
106 6.6802507871194137E+06 1.0219978032415597E-02 3.8215699507773170E-02
107 7.2979964197586142E+06 9.7680251082620975E-02 1.3203820484694857E+00
108 7.3353398005896974E+06 8.8129555948838978E-02 4.2720815812792343E-02
109 6.9932782039650166E+06 3.6034155042308738E-02 1.3982959598754255E-01
110 7.2625545148607921E+06 8.5029606161367996E-02 1.5167273338091927E+00
111 7.2685373056267509E+06 9.2670209862305161E-02 3.4715543881894512E-01
112 7.3435922058967147E+06 8.8704075412404715E-02 1.4834046010031194E+00
113 7.5890297420264315E+06 1.1092828549004057E-02 2.7243313370509520E-01
114 7.4870952988988822E+06 7.4434141698432862E-02 3.5371951786666261E-01
115 7.3348310190558359E+06 9.6440888991258356E-02 1.1156051091398269E+00
116 6.6686796453570211E+06 1.1732562532069181E-02 8.7624101716249264E-02
117 7.7534295115577299E+06 2.6592808247137608E-03 1.1899583861370422E+00
118 7.8370407137833443E+06 2.3039131009567143E-02 4.3963040946169152E-01
119 7.8581684760684492E+06 1.9791717943651605E-02 1.1330413422146521E+00
120 6.8923854084912902E+06 2.8313618971084354E-02 1.3676326897159796E+00
121 7.7730562988820998E+06 1.8512237158754754E-03 4.7715650355100170E-01
122 7.2878335242797695E+06 4.3411086810326183E-02 2.6706273349191068E-01
123 6.8731995623757476E+06 1.3793895792831839E-02 1.3114491182821719E+00
124 7.3474550910942536E+06 8.5931305818993081E-02 1.2534819736810920E+00
125 6.6360926991363354E+06 9.4279289095695917E-04 1.5192044841512191E+00
126 7.2615561914910171E+06 9.1838077617946795E-02 9.9232304433749766E-02
127 7.8974834527358506E+06 1.4156272795489200E-02 1.2455086923912988E+00
128 6.6819001650888929E+06 8.1389711944386024E-03 4.3660779896899170E-02
129 7.2804538623021804E+06 9.2789183571805919E-02 5.6145255967301388E-01
130 7.3130146703917375E+06 8.8130260540080899E-02 4.6617697029375155E-02
131 7.3460159043457061E+06 8.9573215850382595E-02 7.6378125628669702E-01
132 7.6129501027404284E+06 5.1068002059542025E-02 1.2063782499026467E+00
133 6.6549531804965334E+06 1.0456578904142375E-02 1.5243156343677617E+00
134 7.8515252071192544E+06 2.4554221335554998E-02 1.0420538128913279E+00
135 7.7798157490634099E+06 1.2880118210345768E-02 1.4702549875223863E+00
136 7.9149011257039644E+06 4.4451399910541882E-03 5.7811487293135932E-01
137 6.8584395625231322E+06 2.7277860905610532E-02 1.4520328836219589E+00
138 7.4837597915501958E+06 5.9839926220933613E-02 2.4936062006974205E-01
139 6.7870457973170988E+06 2.2552932409923253E-02 8.8210410983537091E-01
140 7.5230287648492428E+06 5.2273826720973436E-02 1.0745484682463427E-01
141 7.4618743048447808E+06 4.6880789035520613E-02 7.4772525526503975E-01
142 7.3849848514574748E+06 8.0600093056691816E-02 1.6645740131482822E-01
143 7.3910979866314456E+06 7.9351397341237445E-02 1.5354890768651595E+00
144 7.6549483433565963E+06 1.2966226390904465E-03 1.2766903427480505E+00
145 6.7726383377427477E+06 1.8529380072069706E-02 7.1861825010170466E-01
146 7.2042611961370651E+06 3.1436088058265921E-02 1.0593884766500656E+00
147 7.2397391003240366E+06 8.3545951292629803E-02 1.4613361814520636E+00
148 7.7755847551221605E+06 4.0017929587960960E-03 1.4344950659885620E+00
149 7.2535712356554335E+06 5.7881858239994130E-02 1.3625681880359679E+00
150 7.3426820076056300E+06 5.9954478144871044E-02 2.0003124710712986E-02
151 7.0765746821145210E+06 7.2933096353431847E-03 1.3104587649462618E+00
152 7.4189363649019329E+06 7.7581266754933834E-02 5.4348467788158938E-01
153 7.0220527399836704E+06 2.2244928722476156E-02 1.3146206868829322E+00
154 6.9186554302023817E+06 1.1251138748833781E-02 1.4980636044832742E+00
155 6.9250348605032954E+06 6.9003113166851166E-03 8.3774696074780747E-02
156 6.7473796769467443E+06 2.6918438901541133E-02 9.4101780430120852E-01
157 6.9401671262542326E+06 3.5057507347657562E-03 1.2759111214483434E+00
158 6.8339078717064522E+06 1.4934487177863137E-02 4.1831902816369732E-01
159 7.5470704985570712E+06 3.5493378746451129E-02 1.1958354108141001E-01
160 7.1922736943763271E+06 7.8158320311077889E-02 8.4258306179297582E-01
161 7.1610807340971213E+06 6.0311115580644892E-02 4.5393496112893583E-01
162 6.8164767314961180E+06 5.0808628727228118E-03 7.0778402322066003E-01
163 7.3928172481374126E+06 7.3560336047880537E-02 5.0094438550903175E-02
164 7.8640480414613560E+06 3.2590607389902417E-03 1.0003847030697881E-01
165 7.1250816397497877E+06 1.3486939884917898E-02 1.4672338214747827E+00
166 7.5166187733201347E+06 5.8276475569392833E-02 1.1757985302877960E+00
167 7.3362908254184667E+06 6.3648152917342243E-02 9.2525099371006037E-01
168 7.3158038048234256E+06 7.4433535204299822E-02 2.7156334699349863E-02
169 6.9568698829837814E+06 2.4501711277556130E-02 7.6803526484618545E-01
170 7.7167386751676258E+06 2.5516934733239141E-02 1.3002515155749477E+00
171 7.3218287062415006E+06 5.5729383592052727E-02 5.4523783698798467E-01
172 7.8043442572497018E+06 2.5586675490409997E-02 2.2467212120399996E-01
173 6.8967170895043248E+06 4.4746731262038956E-03 1.3531648974584679E-01
174 7.6691845645822072E+06 1.1193246086585401E-02 1.3940004724834556E+00
175 7.0903321458912278E+06 3.3518727623275011E-03 5.8695695605167697E-01
176 7.5564670801861957E+06 9.2886126895022764E-03 2.0651137158217062E-01
177 7.3749366713975612E+06 5.2058140755600855E-02 1.3917466067837365E+00
178 7.1945117973389402E+06 8.4448402835697919E-02 1.5200318389340044E+00
179 7.2471444386299960E+06 6.2728941339736458E-02 9.5783559397354079E-01
180 7.2912293684561485E+06 9.7608551082496040E-02 5.4874578654903819E-02
181 6.9701153077799082E+06 1.2948424977476428E-02 1.1313000013769663E+00
182 7.3390649423731789E+06 9.4331026380582411E-02 3.6740277156078338E-01
183 7.6061793068349715E+06 1.9137149733724705E-02 1.5185995732979791E+00
184 7.3398699267681018E+06 9.2745800583393267E-02 5.4151765103936600E-01
185 6.8520410190244876E+06 2.3168017784405224E-02 1.3906092756547472E+00
186 7.5643414526485205E+06 6.2889011398380004E-02 1.3046087940058140E+00
187 6.8862488413226083E+06 4.1542315053315688E-02 5.8506945125404525E-02
188 7.5726991019958276E+06 3.8513603260673164E-02 1.9480979103032858E-01
189 7.2406238973160088E+06 5.2216273173426329E-02 9.6650136677800380E-01
190 7.5616125779266134E+06 2.2206875919512307E-02 4.3320752969643750E-01
191 7.3913730396754770E+06 2.3672039933132851E-02 1.2492083851447753E+00
192 7.2949876264899792E+06 7.0029190479247522E-02 1.1017441287635428E+00
193 7.6519984209618857E+06 1.4293721710222172E-02 5.8116876491354141E-01
194 7.3260399934987091E+06 6.2774994171643492E-02 6.3636906258199410E-01
195 6.8064167126463521E+06 3.0421320902053194E-02 4.7220963539838567E-01
196 7.0933899786672201E+06 6.0128553699848375E-02 1.4778919005884907E+00
197 7.3523740574687310E+06 8.9851724505388891E-02 1.2366197593043791E+00
198 7.2946250083185751E+06 7.6304921578450605E-02 3.2637965445205858E-01
199 7.8455639277929347E+06 2.9717291321629167E-03 1.4097105235201579E+00
200 6.7655041297334768E+06 1.6885880051043880E-02 2.4165577052557158E-01
201 7.6759290653711911E+06 2.8453596195604145E-02 9.2083988020666224E-02
202 7.1644177888721246E+06 4.5992205621843592E-02 2.9840211820018048E-01
203 7.4107522220049379E+06 6.5329114403610458E-02 4.5387276422802281E-01
204 7.2642874373010695E+06 9.5204145495564496E-02 1.3584660887969160E+00
205 7.1063169191902978E+06 4.3455599742977628E-02 1.9258884165597395E-01
206 7.9435031528440192E+06 1.1490221806204255E-02 5.0995972498996378E-01
207 7.4026614596363250E+06 7.4446978913519313E-02 3.4844089667120715E-01
208 7.9767029739604443E+06 5.9698724517716459E-04 1.1864519432183747E+00
209 7.6581503980152570E+06 6.5155552435477949E-03 1.5068256636509678E+00
210 6.9862821551630767E+06 3.0036932884546889E-02 1.3571482701043283E+00
211 7.7745569130023830E+06 1.4571293166637212E-02 1.2436537459169728E+00
212 7.9568255102405325E+06 1.0412692537343476E-02 4.6757963127177776E-01
213 6.7855241229000809E+06 1.9273003326750294E-02 1.9627137430904706E-01
214 7.2378380765824160E+06 8.0569915035727635E-02 3.9726588426826748E-01
215 7.3694267419609260E+06 5.2674610702264375E-02 9.5343939911082798E-01
216 7.3004377091867290E+06 9.5636192509360798E-02 1.3245311861612772E+00
217 7.6231070532979416E+06 2.7640022396396090E-02 1.0387881594791579E+00
218 7.9902781108634900E+06 1.4755490829148979E-03 1.5133659777390440E-01
219 6.7865839458812643E+06 1.8712443563913668E-02 1.2581912275579141E+00
220 6.7000080808923151E+06 3.3913057458948748E-03 1.4328192605677117E+00
221 7.8587882461824790E+06 6.7172308312051666E-03 1.2854822806305390E+00
222 7.5556416978485398E+06 2.9581273357269993E-02 1.2826482421269279E+00
223 7.2500882737143394E+06 3.1463746285459268E-02 1.4395565569175541E+00
224 6.9385116583700422E+06 1.1908775840740318E-02 1.2214232194816057E+00
225 7.8525144769244753E+06 5.8563767439373518E-03 1.2108963926422515E-02
226 6.9367171733700130E+06 3.7962293856315360E-02 9.8058477617526174E-01
227 7.1743898367949892E+06 8.5763152526757258E-02 4.0645238029143188E-01
228 6.6664012645271886E+06 7.4923579778536913E-04 1.2400943502728119E+00
229 7.3992138977793427E+06 8.7166678383912150E-02 1.1312883064885009E+00
230 2.4753399135566633E+07 7.3431532839557023E-01 4.4802881604808727E-02
231 7.3396810719383061E+06 6.3805421011189981E-02 1.8338795252390175E-01
232 7.6558529941614009E+06 3.8263191021974785E-02 1.2355548301174074E-01
233 7.7189228811787907E+06 1.7562367339097527E-02 1.2044883224691767E+00
234 6.8856626319797654E+06 2.0374553950857693E-03 1.2851923281680067E+00
235 7.2966342374847326E+06 8.2207873488771468E-02 1.3356208504819114E+00
236 7.7009931101323068E+06 1.5722437036072210E-02 1.4432410123881247E+00
237 7.9354665932619013E+06 1.0633293402839368E-02 2.7555704433356915E-01
238 7.7697257052215878E+06 2.9313915465401501E-02 1.5579548487293786E+00
239 6.6383179104455244E+06 1.2416294966678544E-03 1.4040307450358855E+00
240 7.3099239916131850E+06 4.8129769119278312E-02 7.1551074019672450E-02
241 6.7381602537257355E+06 3.3237893770802019E-03 8.9587663400723283E-01
242 6.7123962050542748E+06 2.2492308559468450E-02 1.4388198469967028E+00
243 7.0530429495766563E+06 5.1677253430272505E-02 1.2939244829345626E+00
244 6.6569571155870128E+06 1.0752032136792624E-02 3.3598607972503114E-01
245 7.2478274375866428E+06 6.7385640921707388E-02 1.1064235255270156E-01
246 7.3759847946596574E+06 7.2071813711313312E-02 2.4763421609341851E-01
247 7.3311390590555966E+06 5.5939186992298016E-02 6.7358888966621455E-01
248 7.8937696525808405E+06 7.3440865542750309E-03 1.0878120963979576E-01
249 7.1113591679628231E+06 4.8403425678071557E-02 1.3852851006932473E-01
250 7.3044785465269163E+06 7.4967079384220162E-02 5.6844009858804756E-01
251 7.3510945984283295E+06 9.1024250027503015E-02 1.8739079199851316E-01
252 7.0929577838075506E+06 6.2388335859379418E-02 9.7287371964418645E-01
253 7.2345350431678975E+06 3.1611249988928836E-02 5.6613353217206364E-01
254 7.4471624580785772E+06 3.1225068243530486E-02 2.1719057350071050E-01
255 7.6357836880631708E+06 1.9468737541361959E-02 2.0612153553071053E-01
256 7.2250646546979267E+06 3.6775110004992159E-02 1.5409154755160950E-01
257 6.9111027197253155E+06 1.6909967925756619E-02 1.3168243863983640E+00
258 7.2149894508594749E+06 6.9108438205398900E-02 1.3542039350292365E+00
259 7.5337455375159644E+06 4.3237526602400267E-02 1.7354280182594661E-01
260 4.2804066002467059E+07 2.3367144683746886E-03 2.7317326138239245E-01
261 4.2520770051550366E+07 4.3577901535862083E-03 4.9884866826616012E-02
262 4.2501791804767542E+07 7.9117893964723660E-03 2.3071093622646685E-01
263 4.2431692107165724E+07 7.0511519999607395E-03 6.2359601556183968E-02
264 4.2032481390021801E+07 2.6861171654786356E-04 3.0541553607221722E-01
265 4.2924094689177677E+07 1.2656513634567812E-03 4.5106828165952545E-02
266 4.2116016452531435E+07 6.0208784712684226E-04 2.2644010022214894E-01
267 4.2449062149527282E+07 9.6153032709181858E-03 1.0136949136167578E-01
268 4.2582299883125514E+07 6.8115464117636127E-03 2.6870086333676457E-01
269 4.2659090007822126E+07 6.8595158151178951E-03 2.0606087045976465E-01
270 4.2537904474238560E+07 8.4154253007445255E-03 3.9381577914487355E-02
271 4.2261910031464174E+07 2.5464639743171800E-03 3.0094312773719128E-01
272 4.2590096377992183E+07 6.5104378247690334E-03 2.4769245545850085E-01
273 4.2913723747800320E+07 1.3385222994632072E-03 2.8714493307862121E-01
274 4.2829589520128295E+07 1.2023483157291444E-03 1.8809039428364724E-01
275 4.2865507033874765E+07 2.2336099790809583E-03 6.4352240063842627E-03
276 4.2467511939962447E+07 7.7697892423242206E-03 3.1035152150313428E-01
277 4.2732465852986507E+07 5.9718567374801535E-04 3.1569348359888560E-02
278 4.2627923826131552E+07 7.4914667477435351E-03 2.3625762656706648E-01
279 4.2512613577655733E+07 5.2060645046019391E-03 3.6559578201461877E-02
280 2.4544570151784297E+07 7.3214714178777851E-01 2.8477606619285801E-03
281 2.4720705680691585E+07 7.3402137364407016E-01 1.0473394649924400E-01
282 2.4278001049246956E+07 7.3027948439389045E-01 7.0548708231522081E-02
283 2.4583898209215395E+07 7.3331014793772731E-01 9.4011668117927527E-04
284 2.4314502685735267E+07 7.2961722711763000E-01 3.1041852888065291E-01
285 2.4754152480116524E+07 7.3554345622323614E-01 1.2270943084728991E-02
286 2.4400021428374629E+07 7.3081019101276212E-01 8.9290541906112797E-02
287 2.4677156273186274E+07 7.3469007650579909E-01 2.0056826151561422E-01
288 2.4496382864119805E+07 7.3269077488345968E-01 2.9087816458003263E-01
289 2.4318218059253357E+07 7.3079032592863136E-01 2.2903689272882050E-01
290 2.4717671357411411E+07 7.3396766546858372E-01 2.3897493057618943E-01
291 2.4658117826465864E+07 7.3430165658543667E-01 2.8310806386234572E-01
292 2.4401121808213741E+07 7.3125829299441103E-01 3.8643111790551986E-02
293 2.4572817965625022E+07 7.3359419297069539E-01 1.0986193256760061E-02
294 2.4592172449011456E+07 7.3356746027288733E-01 1.9439049350297527E-02
295 2.4307661279945090E+07 7.2971371758587855E-01 3.1020539976416295E-01
296 2.4734741565581392E+07 7.3435859815362037E-01 1.1158061135064480E-01
297 2.4289423601791594E+07 7.2947567361179744E-01 2.9184210468932624E-02
298 2.4457228839986213E+07 7.3123125785411835E-01 2.9486856220231428E-01
299 2.4328696022524357E+07 7.3095337499350299E-01 3.9273092673570507E-02
300 6.9399588923531715E+06 1.5835045171680946E-02 1.0382113762570504E+00
301 6.9336403837972088E+06 3.3521369462104218E-02 9.9572124626710029E-02
302 7.2045987014008947E+06 1.3603041985026003E-02 1.5482377422551068E+00
303 7.0455898039441835E+06 2.6283406878286088E-02 1.9442804237908828E-01
304 7.2155440788593534E+06 8.4533224552505240E-03 6.5633427953186729E-01
305 6.8295810649411958E+06 1.8307665318740885E-02 1.0494675341103858E+00
306 7.1346747038639216E+06 2.1764863275948901E-02 3.9291066784425904E-01
307 7.1187038524169251E+06 2.5670747802025967E-02 2.9222360679626747E-01
308 7.0081571526967622E+06 4.5280698228587490E-02 4.0010178170438893E-01
309 7.0500164023837475E+06 1.2583701199630483E-02 4.1730013329832491E-02
310 6.8161664180202819E+06 5.8797433850778878E-03 1.1932520290787130E+00
311 6.8624003661974072E+06 2.3386869568682446E-02 8.7736965616720608E-01
312 7.1766463568650335E+06 4.4745518819481250E-03 1.3634828543937629E+00
313 7.0147794430960417E+06 4.4478261073826318E-02 1.2516636861298541E-01
314 7.0340241718674470E+06 2.2264229155675979E-02 5.5472763708587713E-01
315 7.2918757144535696E+06 9.0577701218217657E-04 2.5902950581667977E-01
316 7.2098800578824216E+06 9.5725606678450474E-03 8.2040809049874763E-01
317 6.7153863573323321E+06 4.7213007699425640E-03 1.3062333603803495E+00
318 6.9644453147223033E+06 3.4886271961492624E-03 1.4359014769502203E+00
319 6.7990205331253028E+06 5.6805159827363122E-03 1.5428243550156038E+00
320 6.6957754128223853E+06 2.3354196507766648E-03 7.4339612941253819E-01
321 6.8047289231888149E+06 1.0101196229409906E-02 1.4495196843876987E+00
322 6.8084724971998967E+06 1.6611603763044162E-02 1.1757748630853326E+00
323 7.0664420439263415E+06 3.6752528147318275E-02 1.2858191726591806E+00
324 7.2508569691481963E+06 1.2792403183670508E-02 2.7846079721063133E-01
325 7.3122384055604097E+06 6.2818874712181815E-03 7.0946036006653801E-01
326 6.7733942050809665E+06 1.9794778498991236E-03 1.3345297100472009E+00
327 7.0429337002893649E+06 1.8238774918033374E-02 1.8441910152583271E-01
328 6.7800317512653237E+06 1.1771981983467501E-02 8.1528421053391764E-01
329 7.0430899455772638E+06 4.2667894067400361E-02 1.1590806424054805E+00
330 7.0203831523724822E+06 2.1658493536933186E-02 2.9910242176890478E-01
331 7.1581492584026130E+06 2.9226265207570334E-02 2.8507311242819006E-01
332 6.8591934958846122E+06 2.2240881436501728E-02 1.1537640686246913E+00
333 6.9746893344375100E+06 2.3209612512911877E-02 5.6732108908382939E-01
334 6.9015643232976133E+06 5.3428486741253301E-03 4.5405040611858266E-01
335 7.2586895400262773E+06 1.1900405827284419E-02 1.2549233977467611E+00
336 6.8691702288370263E+06 7.3965711291283280E-03 9.0135018698689595E-01
337 7.0160955800602613E+06 4.3436276723828306E-02 5.4387786070905986E-01
338 7.2664472872404326E+06 9.9782795918979365E-03 1.3925778199965479E+00
339 6.8616149657860473E+06 1.4169522112087616E-02 8.9165636926272551E-02
340 7.0440861768305376E+06 1.2883487873758367E-02 4.9301316350521551E-01
341 7.0272893052600157E+06 4.3721334558175125E-02 5.1270251145148016E-01
342 7.3014681815708922E+06 3.3648184859389261E-03 2.7551087428672533E-01
343 7.0903141106615029E+06 3.6305135100295378E-02 6.2647418891608950E-02
344 6.7742161044309568E+06 2.9746902836489081E-03 4.8933370136268434E-01
345 7.2529365638608839E+06 2.6002276788290278E-03 1.3797240608696797E+00
346 6.9697377517247144E+06 3.7798853173434108E-02 4.3233957805206219E-01
347 7.0801177425423106E+06 3.4432917829690386E-02 1.0395496396313206E-01
348 6.8989279013582980E+06 2.6340294323488021E-02 2.5535609504100526E-02
349 7.1044617181955352E+06 2.1749339015976508E-02 1.4519211555281850E+00
350 6.7498607482219301E+06 8.9214790890452117E-03 1.4700258520005822E+00
351 7.2907163490189854E+06 7.7856258815243379E-03 2.5472347810053569E-02
352 6.8384512942957226E+06 3.2214037798379410E-03 1.3703092916626745E+00
353 7.0469751776669817E+06 2.0643313375039274E-02 2.0085265606177335E-01
354 6.8134319494247921E+06 1.7430338693235944E-02 4.8796179512200083E-01
355 6.7564298970511071E+06 7.5455470194836054E-03 1.4565979757522676E+00
356 7.0662404892138448E+06 3.5190047450461975E-02 2.3781133837407881E-01
357 7.0762631026188601E+06 3.3002228631242060E-02 1.3714880180348430E+00
358 7.2439311682391046E+06 2.0631668395827865E-03 9.0513337155111873E-01
359 6.9253222691908255E+06 2.4586501332407033E-02 1.2967542545708142E+00
360 7.3492148604012569E+06 1.4220715126626563E-03 1.5453236390822631E+00
361 7.0279451741525270E+06 3.0670441845218853E-02 1.5250991153433664E+00
362 6.9836902478183992E+06 2.4966471314549075E-02 4.7758078344818422E-01
363 7.0490003209269159E+06 2.9776349097807849E-02 6.2228823812100043E-01
364 6.7274155565704964E+06 6.4193380082595347E-03 4.2696553320067726E-01
365 6.8015450410751868E+06 2.5835100420145214E-03 1.3479012222936576E-01
366 6.8007908945924276E+06 3.7293781244487163E-03 1.2129654164030572E+00
367 6.8030917096586935E+06 1.2666673445711032E-02 1.2942379162550708E+00
368 6.8374354139817432E+06 1.5394746598310634E-02 1.4804922904952338E+00
369 6.8437152818677817E+06 1.8490397898970369E-02 4.6762088263429791E-01
370 6.7798335876157433E+06 9.1117137663640786E-03 1.3594859653102742E+00
371 6.9603709097075742E+06 3.9822816338944578E-02 4.8172057179457323E-01
372 7.0258237578147911E+06 4.3675786406527216E-02 9.0886766344306924E-02
373 7.2062774340390358E+06 2.0993339907567413E-02 3.4498495497876158E-01
374 7.0668096035431977E+06 1.4113413399479970E-02 5.0678497562265479E-01
375 6.7829424011171423E+06 9.9625340452293362E-03 1.5006327473374867E+00
376 7.2600167046011845E+06 1.4495866739031563E-03 1.4146306247333380E+00
377 6.8443301966465311E+06 1.5436326277930474E-02 1.1650332817902413E+00
378 7.0292674373940695E+06 4.0761441174526493E-02 1.1809773266235917E+00
379 7.2907070977051016E+06 3.6836298254685732E-03 1.9274504128131040E-01
380 7.3532440647487398E+06 4.0062948805838893E-05 1.0594571992479191E+00
381 6.8661430365707371E+06 5.1348320837608019E-04 1.5268746979486103E+00
382 7.0979237365565840E+06 3.4702931991616517E-02 1.3848774857901094E+00
383 6.7290646702933684E+06 5.1470233671110140E-03 1.4214188645477208E+00
384 7.2865774959128564E+06 9.1580781549324506E-03 1.3903943252351194E+00
385 6.8716529861348728E+06 1.2882844812739521E-02 4.7376968634010662E-02
386 7.2284367200085660E+06 1.4331679078611806E-02 1.4861479085526683E+00
387 6.8533420328626167E+06 4.6285242259332992E-03 6.3780552029954851E-01
388 7.0008269461717997E+06 4.0766025615941719E-02 1.1277696639548269E+00
389 7.0216092586308215E+06 4.3903227262105757E-02 9.3994154526884677E-01
390 6.9292832377780452E+06 2.5484934928316876E-02 8.0977925877810741E-01
391 7.0457725098235775E+06 1.2519317444571935E-02 4.1891744780434592E-01
392 6.7760497976133572E+06 5.3868212445377780E-03 1.3965365109542245E+00
393 7.0164520999952909E+06 4.4333209273547072E-02 1.3773637556170730E+00
394 7.1076122866283180E+06 3.1855707136114790E-02 6.2624228986365868E-02
395 6.9728958395904023E+06 2.0606801944852024E-02 5.6734751421923940E-02
396 6.8343091286280435E+06 8.5852800555650723E-03 5.9460626713246634E-01
397 7.2812236354617635E+06 5.3165492361811574E-03 2.2079486045560048E-01
398 7.1645731928460700E+06 1.7781355865559147E-02 1.1411259239774680E+00
399 6.9335527133202767E+06 3.3816313802583778E-02 1.5557944840447189E+00
