# id, SMA (m), Ecc, Incl (rad)
0 1.8380006765787878E+06 1.4660933824132317E-07 1.3786784381780079E-6
1 1.8640004125289838E+06 2.9507281579319432E-03 8.4756426801977691E-01
2 1.9025996115012090E+06 1.3053818619152831E-02 5.1464773417224063E-01
3 1.8555767430013195E+06 4.0400255910187522E-03 4.0023100411782045E-02
4 1.8920226078313601E+06 1.4769554234915130E-02 1.2220126623990271E+00
5 1.8880338997633182E+06 2.2326610580771174E-02 1.2809622617969587E+00
6 1.8418555166264365E+06 1.9358487373247479E-03 1.3713618000542542E+00
7 1.9196921713253381E+06 6.6985565797000358E-03 1.1177353002056880E+00
8 1.8928438554207254E+06 1.9508489142768568E-02 1.3955869943438437E+00
9 1.8571579281888260E+06 6.4838305352110702E-03 1.2549744076304379E+00
10 1.8798536606357568E+06 1.6816197198121430E-02 3.5796141567355838E-01
11 1.8975236172632235E+06 7.3987183984814209E-03 3.5156527943493993E-01
12 1.9106040086576357E+06 9.6707731277103307E-03 1.1428884150209984E+00
13 1.8533509787543463E+06 1.6738758132855205E-03 2.1082757348556186E-01
14 1.8930833819366219E+06 1.2544955882739539E-02 1.8848040918236600E-01
15 1.8442399222815381E+06 1.5412011731004433E-03 9.8194242430735901E-01
16 1.9112751166635728E+06 7.8462787390483988E-03 1.4706704637145396E-01
17 1.8679445906630349E+06 8.8354534395474298E-03 1.1000354141552698E-01
18 1.8872714211585419E+06 1.6704301953188453E-02 6.1755040534842431E-01
19 1.8989574879768533E+06 3.4173589461365052E-03 1.0667809899178589E+00
20 1.9293563254892766E+06 2.0711363370406392E-03 1.2846568413843293E+00
21 1.9295127617382954E+06 7.6977201217897707E-04 3.3019569065395998E-01
22 1.8856559194132444E+06 2.4983762215163487E-02 4.8244615979188882E-01
23 1.9222102694629203E+06 2.7185283745855835E-03 1.5065265730089061E+00
24 1.8742093900369308E+06 6.3429090787016588E-03 1.3193506564311834E+00
25 1.8811056289444692E+06 1.3261902218691895E-02 8.6182924434783570E-01
26 1.8614662679545176E+06 6.5959605157061537E-03 1.2626658266244912E+00
27 1.8636483610880245E+06 7.2318488256377196E-03 3.5629550046973817E-02
28 1.8830681422222331E+06 1.4373015133749147E-02 3.9004422140853912E-01
29 1.9269381658902764E+06 6.8157440638527017E-04 3.2488033414399281E-01
30 1.8994275030756455E+06 1.4346071348224803E-02 4.5632389852068805E-01
31 1.9246513322048108E+06 2.8575242317621166E-03 8.1910335698241810E-01
32 1.8654273137363815E+06 1.6262038166378072E-04 8.6521447038332505E-02
33 1.9179249140362882E+06 1.3395924331864690E-03 1.6253224635757235E-01
34 1.9286322268118353E+06 4.6393034403584138E-03 1.1430095414945354E+00
35 1.9181189269514713E+06 7.6129440877319935E-04 1.5448279281276476E+00
36 1.8984605846188746E+06 1.9822215116814101E-02 3.3816294621390997E-01
37 1.9195921140955957E+06 8.8596850957872366E-03 1.3602801836890082E+00
38 1.8778738084519566E+06 5.6605442007596849E-03 1.4255005735283826E+00
39 1.9065495966725475E+06 1.5134186256831274E-02 1.0362127679097771E-01
40 1.9026118024239889E+06 5.8122183311016008E-05 1.2018564706682198E+00
41 1.8870971223755172E+06 1.1948691633977311E-02 6.9280094681332699E-02
42 1.8689287842316180E+06 1.4312139871159455E-02 1.4962438839915073E+00
43 1.8746280933752456E+06 8.7723939333793372E-03 1.3046994883518066E+00
44 1.8907384193691621E+06 2.1058441101014735E-02 1.4246683899164290E+00
45 1.8922887779744291E+06 2.0202379992062976E-02 1.2900299454344639E+00
46 1.8592132691532781E+06 5.2395406850869646E-03 4.0399415785901194E-01
47 1.8800268410940506E+06 1.2639768550979574E-02 1.5303119085317476E+00
48 1.9227821126617771E+06 3.4271374730394204E-03 1.2742102947968637E+00
49 1.8952204647547374E+06 1.6741704360467628E-02 5.3399110188280163E-01
50 1.8688453912971613E+06 4.2155054372150034E-03 8.3855796399412830E-01
51 1.8594740399476695E+06 6.6710980313736505E-03 5.0147221074786474E-02
52 1.9142542821855168E+06 1.1427028806966336E-02 3.4794802461562668E-01
53 1.9089551474735807E+06 4.8753975538980178E-03 1.5304670915532377E+00
54 1.8608830758080250E+06 9.0215367867854408E-03 4.7538039561605189E-01
55 1.8882671313026869E+06 1.8755967260713092E-02 1.4111335346528255E+00
56 1.8947569623672196E+06 1.3381755271666039E-02 1.1344115466214590E+00
57 1.8806688857515799E+06 8.3731291384022272E-03 1.7954969097569412E-01
58 1.8905772257536449E+06 1.5755435312218333E-02 7.5690714826217698E-01
59 1.9297895105035426E+06 4.0918936550974217E-03 1.5239385258566529E+00
60 1.8804919490945742E+06 2.1964969266537512E-02 1.4975917337615086E+00
61 1.8588516079066619E+06 5.9940671370539165E-03 1.5302238099295276E-01
62 1.8579124263209072E+06 9.2200813511745579E-03 1.2766260815650943E-01
63 1.8702486338400017E+06 2.2446181665614546E-03 1.7012299243935808E-01
64 1.8975157687135506E+06 6.7104300043848231E-03 2.7405018176011148E-01
65 1.8911265308915519E+06 2.0953138385646178E-02 1.3119115224807638E+00
66 1.8998857324313612E+06 1.8823590227578672E-02 8.6980222843411303E-01
67 1.8665342397316750E+06 3.3329110583926731E-03 3.7038194180780992E-01
68 1.8833249484871153E+06 1.7038432453954391E-02 6.1068446843259627E-01
69 1.8707517004063381E+06 1.5800017884415461E-02 1.4436676150736161E+00
70 1.8878645343417958E+06 2.0893653263274328E-02 1.2498107346450171E+00
71 1.9140145069512650E+06 6.3534613071660594E-03 4.2442483370998879E-01
72 1.8979263636530202E+06 1.8576968889616297E-02 9.9783455921134823E-01
73 1.9022201309087048E+06 1.3076631414790348E-02 7.6630928571341239E-01
74 1.8935151395924948E+06 1.9773345240107338E-02 1.5458329476360189E+00
75 1.8840774930355265E+06 1.3024851785255091E-02 1.3769220095433130E+00
76 1.8963716158694271E+06 2.0698224676271651E-02 1.4997981749845823E+00
77 1.8627149081294476E+06 2.3710615576276539E-03 1.4401579925844374E+00
78 1.8889073704890769E+06 2.5348457273154386E-02 3.3866964210073576E-02
79 1.8828295668640586E+06 1.0796552419785898E-02 7.7037922895174360E-02
80 1.8651749845374587E+06 6.8541629849254906E-03 1.3532268330201385E+00
81 1.8472060110880455E+06 2.4013501692745176E-03 1.0649778062104460E+00
82 1.8652342808140465E+06 9.3207127686178292E-03 3.4648318660458355E-01
83 1.8804151603125040E+06 1.2909889895982215E-02 7.4166086638859552E-01
84 1.8980175700905360E+06 5.9073391820700875E-03 4.1982746921410891E-01
85 1.8584198295641160E+06 6.2119929581001213E-03 1.5079787519891352E-01
86 1.8481402933371253E+06 1.8097981179862656E-03 9.2117037242576738E-01
87 1.9148907640002440E+06 1.0269244707426545E-02 1.1746993889228259E+00
88 1.8876093272623406E+06 2.5658626415874766E-02 2.3411423659411992E-01
89 1.8664633118197820E+06 4.4783259444764064E-04 1.3063637496161635E+00
90 1.8885903763574627E+06 2.1073588351473199E-02 1.5698912477918483E+00
91 1.8820191093763844E+06 1.6500221738922329E-02 1.3829744101056010E-01
92 1.8637733350972482E+06 7.8557276008861913E-03 1.4904237562061406E+00
93 1.9108269836927261E+06 5.6050248604954216E-03 5.2757651349183121E-01
94 1.8782665315664709E+06 1.2736347055521565E-02 7.0090807641689312E-01
95 1.8494876889860616E+06 2.6552931540390862E-03 2.5744903577088751E-01
96 1.8953513367985049E+06 1.0646801012731126E-02 1.9167476387152840E-01
97 1.8715201586217373E+06 1.3214826765656693E-02 1.4477976675613846E+00
98 1.8943438452543919E+06 1.2141499782948173E-02 1.4588770278774343E+00
99 1.9126124610932954E+06 8.6189218259007333E-04 9.5940996313406390E-01
100 1.8468361121647842E+06 4.2086224498528038E-03 1.4133553614178134E+00
101 1.9237272452469000E+06 3.7117260740473796E-03 2.4500034325927189E-01
102 1.8788158194302646E+06 1.8296952233282076E-02 1.2544392995632938E+00
103 1.8893621988736494E+06 1.1699056918244098E-02 1.4829508263908824E+00
104 1.8804275630561716E+06 1.9746602462624406E-02 1.5317643807172627E+00
105 1.8745033099291937E+06 1.2475825236637125E-04 4.9901170640417769E-01
106 1.8875652671903246E+06 2.3880066606927240E-02 1.7257690231438977E-01
107 1.8788677461221083E+06 1.4380550115463353E-02 2.3319784824756434E-01
108 1.8589398604965887E+06 9.9319487381875644E-03 1.5342060636711077E+00
109 1.8816079892586637E+06 1.8075292473144912E-02 1.0775037146417561E+00
110 1.8495894192050365E+06 1.3535117772944399E-03 1.3120983375301274E+00
111 1.8568709963010626E+06 3.3244399552400977E-03 4.6754664338397112E-01
112 1.8842757435408002E+06 2.4847820444527527E-03 1.5186493954602855E+00
113 1.8791606563800732E+06 4.2582868155701496E-03 3.7013148173820082E-01
114 1.8960211330915401E+06 1.1467565369174143E-02 5.2949369748153619E-01
115 1.9106073693164960E+06 1.8322219587872755E-03 1.4443724261924193E+00
116 1.8900944177583288E+06 1.5344010929799796E-02 1.5442085644595399E-02
117 1.8846485047083320E+06 1.9315096534779783E-02 5.0672194018626118E-02
118 1.8855469624916692E+06 2.2851718366811918E-02 3.2863047809698942E-01
119 1.8880925314683092E+06 2.2933450258233404E-02 1.4223308380738093E+00
120 1.9079848681711629E+06 1.7872650977007057E-03 8.2863077299882917E-02
121 1.9287264821364405E+06 7.0054052406606944E-04 8.1771695864416605E-01
122 1.8941218459723371E+06 5.0179571348606452E-03 4.3234748668167879E-02
123 1.8824620271939309E+06 2.2668614731728251E-02 1.4717471629147303E+00
124 1.8995100726574736E+06 1.2225517408659337E-02 6.3622181147031431E-01
125 1.9222414261708432E+06 2.9150114441032582E-04 3.7058457765123581E-01
126 1.8652230778813239E+06 1.0524329955006764E-02 1.3988814462651824E+00
127 1.8854146911611701E+06 1.6476567619645256E-02 1.2795196717855379E+00
128 1.8953741301752962E+06 2.1973439268516318E-02 1.1720055404727299E+00
129 1.8741758782134987E+06 1.6561299074747078E-02 3.3098939915751774E-01
130 1.8981663159026122E+06 1.2559056830594202E-02 8.6144651446800058E-01
131 1.9066312558361893E+06 1.9762342169130113E-03 1.3613430730407470E+00
132 1.8717860674325463E+06 1.7632002335937754E-02 2.9153217058350495E-01
133 1.8626378244069386E+06 8.8626261635992645E-03 8.6804382980120443E-01
134 1.8609658872747000E+06 8.1435812682760580E-03 2.3741324962287924E-01
135 1.9025185071616070E+06 1.4153265890569849E-02 1.1488394951720926E+00
136 1.8634277804454621E+06 6.4307838762973236E-03 1.3250936642739723E+00
137 1.8483375968657439E+06 2.6898383535146264E-03 1.0546748379628912E+00
138 1.8434884770894982E+06 5.7318230724008351E-04 4.8147810438064692E-01
139 1.9038122388823640E+06 1.3071371781895392E-02 2.2250158161645434E-01
140 1.8927888246683287E+06 1.8249931582128846E-02 4.6114611642289022E-01
141 1.9079916717336534E+06 1.4930322923065849E-02 1.5656261372814029E+00
142 1.9190349672348204E+06 7.7632350565799623E-03 9.0670837976523344E-01
143 1.9338579379333998E+06 6.1397908492726971E-04 1.7354110829771571E-01
144 1.8633318243664275E+06 1.0834225509912804E-02 1.2762039196001074E+00
145 1.9026399823662587E+06 1.7799264251661128E-02 7.4554330688756165E-01
146 1.9024542279809695E+06 3.6703538167051294E-04 3.5689063842331592E-01
147 1.8811733790789405E+06 1.0593615885518555E-02 2.1979144340152332E-01
148 1.9243212546618350E+06 6.7491360813675088E-04 1.3241329110796491E+00
149 1.8465875278911374E+06 1.1797408258530667E-04 1.3538897243272221E+00
150 5.3038531991557330E+06 6.3949193791683512E-01 5.5961163468873165E-01
151 5.2306591209492842E+06 6.3085551038253451E-01 7.4549886187673242E-01
152 5.1809939160851166E+06 6.4165772165136803E-01 7.0525410856926196E-01
153 5.2062524648361048E+06 6.2949091521980460E-01 5.3653921664526794E-01
154 4.6319848657693295E+06 5.9694740344636610E-01 7.4874933047895764E-01
155 4.6526293951430628E+06 5.8962692015451346E-01 7.6454641190035710E-01
156 4.7276896984987771E+06 6.0779561120269943E-01 7.7584948248846586E-01
157 4.5040358096634103E+06 5.8947267301370587E-01 5.6015807382114791E-01
158 4.6704608250316596E+06 6.0554980496908939E-01 5.4404238488979328E-01
159 4.3795616939639449E+06 5.5949121672077851E-01 7.7089230029361122E-01
160 5.0344813397148959E+06 6.3305950243016762E-01 7.6007741699579667E-01
161 5.2645492657699678E+06 6.3347743230634945E-01 7.1022009969015421E-01
162 4.9826876323398380E+06 6.2347102597758763E-01 5.6446575527132392E-01
163 5.0227722663268605E+06 6.3121213358067740E-01 5.8343694675264646E-01
164 5.3026922620887281E+06 6.4699354368220474E-01 5.4307426472265830E-01
165 5.0734751888322430E+06 6.3179556413814275E-01 6.2766077595718883E-01
166 5.2437599166626651E+06 6.3042706913765312E-01 6.6065355337893861E-01
167 4.6648487779383799E+06 5.9157069237589632E-01 6.1857585989949526E-01
168 5.0678340356318057E+06 6.2168242783144134E-01 5.8561925146901561E-01
169 4.7179357859152695E+06 6.0591968469549407E-01 7.2495798948100554E-01
170 5.1890861658194782E+06 6.3252842900892625E-01 5.3321093875557612E-01
171 5.0758142193205059E+06 6.2149847046838202E-01 5.5215284352179972E-01
172 5.0757205807379801E+06 6.3328752412673661E-01 5.4063441273043922E-01
173 4.9484455125094298E+06 6.2486584762362074E-01 7.5813533608193839E-01
174 5.1747833775750231E+06 6.3010964030186001E-01 5.3221933263552390E-01
175 5.0966157243628278E+06 6.2404204572592814E-01 5.9582020149410009E-01
176 4.4917359704042077E+06 5.7593923924430268E-01 5.6457771684577795E-01
177 4.4031913427115362E+06 5.7352025634406867E-01 5.4273601970086160E-01
178 4.6798592881060494E+06 5.9562759722292991E-01 5.8212577892313699E-01
179 4.3777166185288364E+06 5.7848963627970618E-01 7.2839526239321406E-01
180 5.1876249883881304E+06 6.2967121074183086E-01 5.7410745968829979E-01
181 5.2726030114739258E+06 6.5055914481697008E-01 7.2981658184319564E-01
182 4.7879300227303552E+06 6.0332350612916341E-01 7.1562554516097310E-01
183 4.5915792051517973E+06 5.8617957038448354E-01 7.3860428728870697E-01
184 4.4480613148539420E+06 5.8658665551195510E-01 6.5823559121171404E-01
185 5.2799978758133026E+06 6.3566369854775973E-01 5.4816930148492737E-01
186 5.1574727266945429E+06 6.4245937512938545E-01 7.7691947207209955E-01
187 4.2946576040723342E+06 5.7202405768514897E-01 7.5786293383389647E-01
188 4.3910539094732441E+06 5.7332699975690549E-01 7.0387430495224845E-01
189 5.2436082149747647E+06 6.3665210972979724E-01 5.4688870074936413E-01
190 4.4806423005726933E+06 5.6855765348479037E-01 7.6708751246064688E-01
191 4.4005463340771208E+06 5.7336075042584944E-01 5.3557699769113953E-01
192 4.6797297849178258E+06 6.0326249313321045E-01 7.0115650260149520E-01
193 5.2166705345381368E+06 6.3517354970834694E-01 7.1872189150426580E-01
194 4.4813933958871122E+06 5.8274220120093656E-01 6.8749362646797563E-01
195 4.4667727591636432E+06 5.7348009587242188E-01 5.3939459830988035E-01
196 4.4913272965594539E+06 5.7160048160076116E-01 7.8106400623211258E-01
197 4.4823179501577858E+06 5.6982363661977009E-01 7.2977250885351752E-01
198 4.6711978219191758E+06 6.0510484811682486E-01 5.5127610467077115E-01
199 4.3981968665474281E+06 5.7867491141595562E-01 7.2029112681844820E-01
200 4.5466265622781478E+06 5.7420108863488262E-01 5.9292017412528197E-01
201 5.0428337502031755E+06 6.2066822456510995E-01 7.0257637591920574E-01
202 5.2779329048453420E+06 6.4530721531772661E-01 5.7151471833841472E-01
203 4.6215720124484040E+06 5.8166152145638295E-01 7.7427369332943941E-01
204 4.4993609131294228E+06 5.7687881298046895E-01 7.7517895547760340E-01
205 5.2248845378008047E+06 6.4259467104822232E-01 5.9348550163919589E-01
206 5.1812962336169407E+06 6.2907411814631709E-01 7.4401004302062090E-01
207 5.0289947555149999E+06 6.3259322742609292E-01 7.4170909889137826E-01
208 4.4096252171640191E+06 5.6499215155841287E-01 6.7803250036112495E-01
209 4.6514326767291529E+06 5.8457407437350395E-01 6.2526024413061476E-01
210 4.4120691752453046E+06 5.8234305675663012E-01 7.4252129709669201E-01
211 4.5220981479095900E+06 5.8767780070122622E-01 6.6188429136217997E-01
212 5.2776292057580724E+06 6.3298804182438806E-01 7.5836862162481833E-01
213 4.4583797587413294E+06 5.6790836468033801E-01 6.2571566026335157E-01
214 4.3788809065457992E+06 5.6105111709244215E-01 7.7876012053909749E-01
215 4.4215677337186923E+06 5.6409603259913532E-01 6.9759048152304359E-01
216 5.2746809554078598E+06 6.3336020138648708E-01 6.1781034009673730E-01
217 5.1742310011999514E+06 6.4333552675183414E-01 7.2277577013004057E-01
218 4.9771619388869610E+06 6.2411903590870255E-01 6.3029840398674453E-01
219 5.0052017036418635E+06 6.1616597563771647E-01 5.8669779900291563E-01
220 4.5625900439628093E+06 5.8198714623991676E-01 6.7423643224656871E-01
221 4.5021283043891480E+06 5.8943388361991123E-01 6.7484222100994751E-01
222 4.9196038976964904E+06 6.2599587214763841E-01 5.8556923821448836E-01
223 4.5517580722287139E+06 5.9170396380966273E-01 6.1980181921140554E-01
224 5.0966926364604710E+06 6.3879438322948967E-01 7.5852123564736840E-01
225 5.2242591937460359E+06 6.4628380685117215E-01 5.9113848606395003E-01
226 4.7303195368433641E+06 5.9240524659891192E-01 7.8406724168633013E-01
227 5.1764774326866008E+06 6.4314295990211356E-01 5.2604895969937693E-01
228 4.5083229120115293E+06 5.7276328038131463E-01 7.4385024619707951E-01
229 5.2330019916855330E+06 6.3561771286282265E-01 7.0195554514825531E-01
230 4.3468099798138263E+06 5.7280383750622066E-01 5.7872026180655800E-01
231 4.4368835115251569E+06 5.6792635702255634E-01 6.4591480457705108E-01
232 5.2013309092438156E+06 6.4438325591074630E-01 7.5914393074901265E-01
233 4.3639440451214630E+06 5.7470307440120172E-01 7.3164510117794823E-01
234 5.3139780447745649E+06 6.3870886053884479E-01 6.5659954403761855E-01
235 4.7005732947943378E+06 5.8949017538540971E-01 7.3913556515515855E-01
236 5.2539134409774169E+06 6.4971428101833106E-01 6.5740840032061998E-01
237 4.5196462813701713E+06 5.7271327681638939E-01 6.1565712227607605E-01
238 4.6579964746822305E+06 6.0154204749111462E-01 7.6698002919365649E-01
239 5.0523948895056257E+06 6.1776724446192044E-01 7.1526562668203297E-01
240 5.1245750118194707E+06 6.2859725641159792E-01 5.6645025678030181E-01
241 4.8015458876076834E+06 6.1359859193594934E-01 7.5265752795425467E-01
242 5.2604354954339778E+06 6.4026962704003376E-01 6.3159409519825349E-01
243 4.6285633124259366E+06 6.0015619018529287E-01 6.8499327002204202E-01
244 4.4795427742344337E+06 5.8957674070391664E-01 7.6845237873086869E-01
245 4.7332479129458042E+06 5.9303744712060369E-01 7.4108691791429426E-01
246 4.6552841341466419E+06 5.8433852346446458E-01 5.6720978271892619E-01
247 4.9303745161124710E+06 6.0882597040067132E-01 7.2083124946991650E-01
248 4.3741921882108906E+06 5.7719863647451597E-01 7.7429642695855061E-01
249 4.4392613668217333E+06 5.8255687475459428E-01 6.5737905767200477E-01
250 4.7666537300466895E+06 5.9784019050727111E-01 5.5715236456286521E-01
251 5.1199656318594534E+06 6.2332818742259233E-01 6.9055059476027059E-01
252 5.1500793097417234E+06 6.3954046333021242E-01 5.7362438655986803E-01
253 4.3946036648672801E+06 5.7348705225277030E-01 7.6647851145772317E-01
254 5.2653505119081233E+06 6.4365233276969080E-01 5.8563487317816043E-01
255 5.2904618288812749E+06 6.3468369441951988E-01 7.6596712772273334E-01
256 4.3433864597503655E+06 5.5735777593591673E-01 6.2046486202780826E-01
257 4.6737375808604788E+06 6.0103314783283091E-01 7.8091044569449974E-01
258 4.4169316905074976E+06 5.7876177803847972E-01 7.1261890458558563E-01
259 5.0085488915428352E+06 6.3016713280191161E-01 5.8908474432218572E-01
260 4.8421446940441476E+06 6.0774396014020837E-01 7.1943680044155600E-01
261 4.7203028421814404E+06 6.0803423482953622E-01 6.5666943055745564E-01
262 5.0773943690801552E+06 6.2269351699584152E-01 5.8578475042686406E-01
263 4.7723158760130210E+06 5.9495604375989575E-01 5.5279923224040217E-01
264 4.4185041292866850E+06 5.7877559526334432E-01 5.5083659658449424E-01
265 4.5075247326919558E+06 5.7088364023767479E-01 6.0693416330485106E-01
266 4.3151758685216755E+06 5.7127934672045744E-01 7.7733698104281534E-01
267 5.2594424870577883E+06 6.5010741453761567E-01 7.6909685894631441E-01
268 5.0451186980795814E+06 6.2822206332179609E-01 5.5613263286989589E-01
269 5.0562047869559061E+06 6.2207865108495819E-01 5.9709122912606616E-01
270 5.2764293280610675E+06 6.3591912808231366E-01 5.5149030770198848E-01
271 4.9440143376386454E+06 6.0860159222775534E-01 5.7531896854443598E-01
272 4.5148424245090764E+06 5.7474151090603420E-01 6.6045059855697441E-01
273 4.3239118832951905E+06 5.7437913312075151E-01 7.8118277350104925E-01
274 4.6322990598061485E+06 5.8537574981434370E-01 5.4467886339934724E-01
275 5.1786974760193480E+06 6.4144797996586034E-01 6.1282098647294725E-01
276 5.0112190389992204E+06 6.2568690124187387E-01 6.9539205621128475E-01
277 4.9500475812790524E+06 6.2379237358004958E-01 5.2829411105399937E-01
278 5.1452991129402909E+06 6.2654669549780095E-01 7.2952329983448194E-01
279 4.5582313285318520E+06 5.7895783796607914E-01 7.6107188723906527E-01
280 4.9741253067303570E+06 6.1803217778736463E-01 6.0314432166697352E-01
281 4.5293243035974214E+06 5.9221061673121800E-01 5.5006441215907786E-01
282 5.2253495513042044E+06 6.4130555421855617E-01 7.7910620318491142E-01
283 5.2048460920393215E+06 6.4482403985638170E-01 7.7059467868464759E-01
284 4.4212723025769442E+06 5.8146311576502685E-01 5.3263744670801272E-01
285 4.5735299511253089E+06 5.9143810728046575E-01 7.4166528146412847E-01
286 5.1487321775613567E+06 6.2456282505727334E-01 6.5787646595051763E-01
287 5.3100978902507881E+06 6.3601579279780263E-01 7.0786554586363659E-01
288 4.5034929773860825E+06 5.7340241079524257E-01 7.1856038996219929E-01
289 4.8874207048735395E+06 6.1848312146464191E-01 5.8232798018635101E-01
290 5.2877779708965681E+06 6.4639164904885360E-01 6.0231433729239936E-01
291 4.3273880657265075E+06 5.7357508117572231E-01 5.5485670355016758E-01
292 4.6434215529337507E+06 5.8368432715908047E-01 5.3183295016145649E-01
293 4.4204120320745753E+06 5.7078536449610617E-01 6.5704627302638485E-01
294 4.6809929989974694E+06 5.8754216973636786E-01 5.7507714098957319E-01
295 5.0729929093706049E+06 6.1890815722424686E-01 5.2707417912699639E-01
296 4.3508014985332973E+06 5.5660731595885982E-01 5.7114023795324009E-01
297 5.0728289686347861E+06 6.2130640051738584E-01 5.3558700706988815E-01
298 4.7605239313549539E+06 5.9466773744556445E-01 7.5840876663808932E-01
299 5.1049905245735645E+06 6.3459847998309793E-01 6.9982376628650211E-01
300 3.0861021346140415E+06 5.0420039090206771E-03 7.5020016320694349E-01
301 3.0498270086610373E+06 2.6962007429656770E-03 6.9513866788699263E-01
302 3.0847168899938376E+06 6.4068448759942703E-03 7.2207938791806092E-01
303 3.0894464122994207E+06 1.4046763461444239E-02 7.5054122301544535E-01
304 3.0855870218077260E+06 1.0470824470439328E-02 3.4730013641735885E-01
305 3.0674068620537915E+06 5.9147023207841336E-03 4.6620036298238587E-01
306 3.0956679731877698E+06 1.1552911734679974E-02 3.7240449102504047E-01
307 3.1290341304890094E+06 2.6595723639161691E-03 5.2764795229645656E-01
308 3.0887253983552130E+06 1.4256050204314186E-02 7.1703306465004668E-01
309 3.1082108730362779E+06 5.5737660769091769E-03 7.1402214837566036E-01
310 3.0839048238512008E+06 1.1658663721111890E-02 7.6956884409517423E-01
311 3.0648640316448035E+06 1.2543674328064683E-03 5.5878097936321280E-01
312 3.0867954240992162E+06 1.2033571561380390E-02 4.4395280831997042E-01
313 3.1105872429630384E+06 1.8272046165081785E-04 7.4208115497090454E-01
314 3.0586242601213036E+06 2.3245205641632166E-03 6.0329588516466481E-01
315 3.0665507827520045E+06 3.0777107446414961E-04 4.7240560055314906E-01
316 3.0599001882063108E+06 5.8033107012179421E-03 5.1497876193987735E-01
317 3.0721002430555513E+06 1.0887039908422748E-02 3.5660190404501368E-01
318 3.0828933576616161E+06 8.8902090387005354E-03 6.5945708456817242E-01
319 3.1346419818177191E+06 9.4556224236406984E-04 3.5717649640782179E-01
320 3.1024664231583569E+06 1.0276222895448826E-02 7.7783049172116936E-01
321 3.1065390532465405E+06 3.7239652761521967E-03 7.3801201601645128E-01
322 3.0641931252820571E+06 5.9026391352371267E-04 3.6369572928461008E-01
323 3.0878743529453450E+06 1.2804645064898571E-02 7.5072026712740558E-01
324 3.0836021038224865E+06 1.3653782249245424E-02 7.7530001397142967E-01
325 3.1034350345186377E+06 5.1849025171033496E-03 6.6079179452941705E-01
326 3.1240488509957790E+06 1.5004308607765805E-03 7.4373538128192784E-01
327 3.0952474041792010E+06 5.2769527543064061E-03 6.7864295396445096E-01
328 3.1248262242843946E+06 2.6793066828719749E-03 3.7167477402543225E-01
329 3.0910949660559045E+06 1.2677469800794402E-02 7.3892592646898692E-01
330 3.1202899520395920E+06 3.3010267426558551E-03 4.2624526044794275E-01
331 3.1079999176642569E+06 5.1069934912739744E-03 3.8552053412816134E-01
332 3.1014288855856415E+06 9.8857423546751203E-03 4.1766750448907253E-01
333 3.1026406833445528E+06 6.5530334785090082E-03 3.6538670580209393E-01
334 3.1264190291205333E+06 1.3402111116491630E-03 6.8502148878994240E-01
335 3.1070745167341623E+06 1.7077557575751164E-03 5.4538501459573274E-01
336 3.1006922907077586E+06 1.1243892742581240E-02 4.4869130152771197E-01
337 3.0920911918923762E+06 1.2524744192904006E-02 5.4917683202185663E-01
338 3.1231518780208854E+06 4.3158247256569315E-03 3.9478765786652337E-01
339 3.1083882914770693E+06 9.0616485997984855E-03 3.3387161107335023E-01
340 3.0764563182670632E+06 1.2102728487919974E-02 7.7729072138908961E-01
341 3.0898594757818487E+06 1.4203425863021105E-02 6.7569004113272846E-01
342 3.0456230916997362E+06 1.5174500158455816E-03 7.1210346919036338E-01
343 3.0811697123216158E+06 8.1367786651845575E-03 6.1702623281230351E-01
344 3.0908080953649846E+06 2.5255277823702147E-03 3.6958413628311521E-01
345 3.0822846562599251E+06 1.4211382501667213E-03 7.0448170614520622E-01
346 3.0818620146504072E+06 1.3406996891877071E-02 3.3030873092084412E-01
347 3.1098141998016033E+06 8.7773825804799354E-04 3.8563410970714534E-01
348 3.1003493246818744E+06 7.9468106283169613E-03 3.3504561634226698E-01
349 3.0935054032785962E+06 9.6372022155934416E-03 6.1951396656588442E-01
350 3.0904885672895703E+06 1.0760099763344562E-02 6.7010981377371936E-01
351 3.1172397712515080E+06 2.1396747980939571E-03 7.3282746129528076E-01
352 3.0858127284899736E+06 1.2573988213014264E-02 3.2948375536766217E-01
353 3.0529982355537978E+06 2.7033482696031722E-03 6.8260022862976544E-01
354 3.0737155891725975E+06 2.0287856733348852E-03 7.7207503340754635E-01
355 3.0909519529322670E+06 1.1678983301343064E-02 6.1746217967335326E-01
356 3.1282828505954375E+06 2.5835735901388835E-03 6.9664511137501395E-01
357 3.0731864756377796E+06 8.8189019147788279E-03 7.1459345023031218E-01
358 3.0601654799277782E+06 3.5608133803383468E-05 7.5259563998924350E-01
359 3.0606072596126981E+06 5.4098747556062337E-05 5.3612844684071548E-01
360 3.0577969953428712E+06 1.3598701851376009E-05 6.1347728147399216E-01
361 3.0899294303927259E+06 1.1628861613492093E-02 6.0195787161151704E-01
362 3.0539424293190790E+06 1.0279500640748036E-04 4.9539017692477494E-01
363 3.1244777745478600E+06 2.9032152141505361E-03 4.0307285592982128E-01
364 3.1153317655363511E+06 5.0088983926370153E-03 3.2130349595627217E-01
365 3.1181639291982176E+06 5.5088030203403774E-03 7.0495008907792722E-01
366 3.0454229386826884E+06 1.0052536068561992E-03 5.0659776246232147E-01
367 3.1260886099435287E+06 2.6357814111029197E-03 7.4918928591234435E-01
368 3.0797832448822223E+06 1.0107646562331441E-02 6.0270708582053822E-01
369 3.1235852897171061E+06 1.3155323904971805E-03 6.5249090784528951E-01
370 3.1111638784270696E+06 5.3493514428120574E-03 3.9390607589613602E-01
371 3.1161282656468917E+06 2.3246277379544234E-03 3.7780413001092483E-01
372 3.0805048567989445E+06 4.8981902260775015E-03 3.7425401253642732E-01
373 3.0529933390225861E+06 6.2001649448649465E-04 5.1953097953084693E-01
374 3.0849162290981421E+06 1.3745350370668217E-02 7.3373588029468950E-01
375 3.0519529770855233E+06 3.8796743181189483E-03 3.7855831887233793E-01
376 3.0552412121313903E+06 4.2209464774652780E-03 6.8039189820805113E-01
377 3.0508732751995968E+06 6.0805945539460385E-04 3.3706280800375465E-01
378 3.0979805957262497E+06 9.9483194289648382E-03 7.0820590531873706E-01
379 3.0869757765099956E+06 7.0392193654906536E-03 5.6411741045223629E-01
380 3.1234414242100464E+06 4.0954127359050154E-03 7.3470112232168350E-01
381 3.0792625002035545E+06 8.8736741952015353E-03 6.6149418143536098E-01
382 3.0859612119703563E+06 1.1752336089075256E-02 7.2415750268939494E-01
383 3.0413712405418018E+06 2.2428019950239560E-04 7.0558548104583640E-01
384 3.0900635247915713E+06 1.2652870402284661E-02 4.0630268896766064E-01
385 3.0698084799514222E+06 7.2773434190979685E-03 6.4510347144932023E-01
386 3.0819917164491969E+06 1.0608450867224119E-02 3.4301642900404755E-01
387 3.0479571280107293E+06 1.6986564303902421E-03 7.2358616540875098E-01
388 3.0789240071041132E+06 7.5152737317737734E-04 3.6058979451577605E-01
389 3.0843353875804073E+06 1.0842664410484809E-02 3.5211285137697140E-01
390 3.0917828774001519E+06 7.4118752359848801E-03 6.9616385121881907E-01
391 3.0914063069449794E+06 1.8737358438220503E-03 7.5823969255746393E-01
392 3.0857994202712225E+06 9.6595491110082702E-03 6.8513821632882022E-01
393 3.1131172503446285E+06 2.2327473679902101E-03 4.0185719989656937E-01
394 3.0944317211241219E+06 1.0018961959206065E-02 7.1312357315542885E-01
395 3.0464321665824996E+06 5.6862499886084191E-04 6.6880019670547552E-01
396 3.0442238878589510E+06 5.0858816549782457E-04 4.9020254737316338E-01
397 3.1035669429676263E+06 2.8455609440765856E-03 4.1473824488167388E-01
398 3.1198471746057309E+06 5.5343033066790268E-03 3.3920350825753798E-01
399 3.0432830175644355E+06 1.6254032818367926E-04 4.6296687717474683E-01
