x,y,z,vx,vy,vz,period,occult_freqs_then_occult_amps
0.8595511045990253,-0.0010639537216563682,-0.004762499452667424,-0.006087650058941682,0.09532916943234661,0.42301431454923316,3.902270714625872,0.2562610523795693,0.2562610523795693,0.12829966062743847,0.1245657922188631
0.8624931879251178,-4.5135391742356514e-06,7.899267076424934e-06,1.003321013611983e-05,0.09056698520314052,-0.44351160271218104,4.066100490599698,0.24593587942842818,0.24593587942842818,0.1253139350166642,0.12502488838073011
0.8623083627927174,-4.2868232230737785e-06,7.084281612129835e-06,1.0897066305407144e-05,0.0915656152940434,-0.44316038871357194,4.066071642189425,0.24593762432123256,0.24593762432123256,0.1254987917023912,0.1248413982987362
0.8621234092920365,-4.066794308579014e-06,6.3149366588222844e-06,1.1698905751106825e-05,0.09256325424831827,-0.44280773024929637,4.066042555017798,0.24593938368055832,0.24593938368055832,0.12568377667816066,0.12465791802672588
0.8619383299431514,-3.853142530594625e-06,5.588262846191141e-06,1.244299725006276e-05,0.09355988770558786,-0.44245362565640173,4.066013150268224,0.2459411622744094,0.2459411622744094,0.1258688874181434,0.12447445120437561
0.8616688023203842,-3.617209049679936e-05,-0.00014441420187830876,-0.00016527918631364482,0.09477343598491504,0.4416067876417881,4.06238282986067,0.2461609458984193,0.2461609458984193,0.1261385975730107,0.12423387514389261
0.8638962432930408,-7.528523903177233e-07,1.1020438872217166e-05,3.534807360294686e-05,0.08304515963814355,0.4462828552636941,4.067899422996919,0.24582712009710309,0.24582712009710309,0.12391062635108285,0.12640888284466512
0.8640586006694652,-6.767423465119263e-06,1.72221560881334e-05,-6.104019701839602e-07,0.08204135315636814,-0.44643904182304117,4.066350703958136,0.24592074634059777,0.24592074634059777,0.12374825202110573,0.12658432500896455
0.864252757035963,-4.479185652488859e-06,-6.3904693058144366e-06,1.3233184319591906e-05,0.08104258076772484,0.4468793503661697,4.067296486515305,0.24586356153661162,0.24586356153661162,0.12355405860018909,0.12677047729204693
0.8644253306548294,-7.404521652983589e-06,2.0253617604874937e-05,-4.283718548261312e-06,0.08002671548698999,-0.4471130144146319,4.066416557079978,0.24591676380495617,0.24591676380495617,0.12338145836145842,0.1269509659375293
0.864608440504818,-7.742559030529202e-06,2.1931253506004536e-05,-6.348492572511978e-06,0.07901838407954712,-0.44744793039903846,4.066451594242986,0.24591464494886253,0.24591464494886253,0.12319831675248838,0.1271342038255937
0.864791372404189,-8.094939328018924e-06,2.3730399999365548e-05,-8.585027643315624e-06,0.07800944816347206,-0.4477814836904951,4.066488395952899,0.24591241942193479,0.24591241942193479,0.1230153531760847,0.12731737382714536
0.8603603908038676,-2.2592113798058733e-06,8.006742653369673e-07,1.6914581822945567e-05,0.10198910454803657,-0.43938524145212055,4.0657415155040555,0.2459575937591359,0.2459575937591359,0.1274470893663574,0.12291596882782041
0.86017422395366,-2.094436697948226e-06,3.695031456312003e-07,1.726742300365604e-05,0.10297567363199964,-0.43901737197452323,4.065706171414432,0.2459597319233,0.2459597319233,0.12763328660662554,0.12273277936224058
0.8599879526428942,-1.933867341186085e-06,-3.9155644858156775e-08,1.75913270624241e-05,0.10396114524804123,-0.43864805495190146,4.065669973205941,0.24596192179648574,0.24596192179648574,0.127819588187143,0.12254963234447214
0.8598015785884549,-1.777365800819689e-06,-4.2651915266216957e-07,1.788801778358672e-05,0.10494551437964214,-0.438277291206348,4.065632888414011,0.24596416534550825,0.24596416534550825,0.12800599238907784,0.12236652994493491
0.8595726886559809,-2.2337498889279117e-05,-7.904746080528418e-05,-8.277407912038947e-05,0.10607752046296852,0.4377031613254774,4.064323660091547,0.24604339704025333,0.24604339704025333,0.128234991688294,0.12214954050841598
0.8594285289369783,-1.4760559230784308e-06,-1.141828725700484e-06,1.8406074881618148e-05,0.1069109272492705,-0.43753142732602,4.065555939958598,0.2459688206897932,0.2459688206897932,0.12837910196184643,0.1220004673418369
0.8661546969212416,-1.1004021209026226e-05,-3.9365101367426145e-05,-2.7956221119993976e-05,0.07037875913105036,0.4501650834981735,4.066056835317077,0.24593851992283292,0.24593851992283292,0.12165178259517961,0.1286933924621383
0.866336173624712,-1.1254250379709849e-05,-4.0847321244623124e-05,-2.975469261709514e-05,0.06935412232456337,0.4504761573886864,4.065987414451189,0.24594271896805076,0.24594271896805076,0.12147027163605817,0.1288772908468171
0.8665186833131353,-1.2463500056371979e-05,4.997911302476815e-05,-4.289584350939278e-05,0.06841066973446366,-0.450886665321234,4.067007414315703,0.2458810368724778,0.2458810368724778,0.12128775250153667,0.12905130889446303
0.8666989416021863,-1.1678799854046671e-05,-4.3474052834339243e-05,-3.2919674142639845e-05,0.06730075369215349,0.4510949584372105,4.065855646981955,0.2459506895534499,0.2459506895534499,0.12110743437672322,0.129245263742373
0.8668802118290081,-1.185953790521461e-05,-4.4647158404712275e-05,-3.432283764894379e-05,0.06627205398211551,0.45140255110503014,4.06579230760911,0.24595452112212055,0.24595452112212055,0.12092612914663403,0.12942932464693213
0.8582134803687778,-5.948385458279613e-07,-3.0019032686086842e-06,1.951216363058935e-05,0.11326758619640837,-0.43506753874857435,4.065278073227348,0.24598563295969536,0.24598563295969536,0.12959434171360595,0.12081224263515367
0.8580262100090572,-4.714403898557e-07,-3.2344562313234584e-06,1.9617175985677805e-05,0.11424130150795878,-0.43468308740269346,4.0652313014195585,0.24598846310437614,0.24598846310437614,0.1297816409902317,0.12062966107330064
0.8578388532220393,-3.5105250089634326e-07,-3.4546270202164505e-06,1.9707478129803148e-05,0.11521388211664522,-0.4342972022850529,4.065183406119969,0.24599136129861707,0.24599136129861707,0.12996902655961184,0.12044714360690933
0.8576180296758733,-1.9718925852912146e-05,-6.478788848096054e-05,-6.574247665121307e-05,0.1163162857255007,0.43376751696340793,4.064345663860943,0.24604206499750456,0.24604206499750456,0.13018994333936396,0.12023613824263157
0.857431113638736,-1.9554968124281764e-05,-6.383748533282615e-05,-6.464494983558917e-05,0.11728512971850438,0.4333824928627271,4.064325003740951,0.24604331569930163,0.24604331569930163,0.13037688684453475,0.1200541504928967
0.8572440908817285,-1.9399042537653943e-05,-6.29274385281331e-05,-6.359943612971509e-05,0.11825285034209755,0.4329958400193476,4.0643014525686105,0.24604474143225938,0.24604474143225938,0.13056393696730473,0.1198722212251292
0.8682365472051071,-1.2768173817323485e-05,-5.1453986282563036e-05,-4.2303051728894475e-05,0.058515043702024094,0.4536662354683097,4.065336980607258,0.24598206858872138,0.24598206858872138,0.11956952434318846,0.1308108398169131
0.8683892388867926,-2.26768955398505e-05,0.00013136500544259122,-0.0001564735695517056,0.05794804396321573,-0.454236652632109,4.0688056110035,0.2457723704704997,0.2457723704704997,0.11941698368406839,0.13092642536155785
0.8685627241574088,-2.4462907755545866e-05,0.0001473063937666172,-0.0001791823137203945,0.05698801237353557,-0.4545598405574455,4.0691833529036945,0.24574955544493182,0.24574955544493182,0.11924349872332607,0.13109827595337842
0.8687772297727031,-1.2983230439835763e-05,-5.351009568945003e-05,-4.464453380340693e-05,0.05539191954050937,0.4545486645049958,4.06515356754057,0.2459931668965222,0.2459931668965222,0.1190287308478577,0.13136376975360564
0.8689571971241472,-1.3041981363734924e-05,-5.4136298117002436e-05,-4.534956529839761e-05,0.05434832024623546,0.4548397336943629,4.065091381858939,0.24599692997373818,0.24599692997373818,0.11884872613962827,0.13154810130289618
0.869137030272701,-1.3095108584999894e-05,-5.473646308381544e-05,-4.602138030605852e-05,0.05330344451535031,0.45512924249222647,4.065028549078149,0.24600073232616682,0.24600073232616682,0.11866885544652606,0.1317324401543546
0.8558383598113379,-1.8410936259383442e-05,-5.7055093834018065e-05,-5.698738663365255e-05,0.12547466418042105,0.43004573941540297,4.0640444149006525,0.2460603029665574,0.2460603029665574,0.1319698697034073,0.11850986103302263
0.8556784934826606,8.384253187857305e-07,-5.260622971291484e-06,1.991420075449336e-05,0.12631658823749592,-0.4297569616913679,4.064547576499828,0.24602984248031534,0.24602984248031534,0.1321297074767811,0.1183533027648328
0.855462676852402,-1.8184276172281744e-05,-5.569643849605154e-05,-5.5491778604781425e-05,0.12738967070546856,0.42924449803558234,4.063954632976198,0.24606573899366085,0.24606573899366085,0.13234560530503447,0.11814726157300237
0.8553017868027958,1.0123314898245262e-06,-5.465159651460432e-06,1.9830406832446453e-05,0.12823204590774187,-0.42894819192564176,4.064420337358345,0.24603754459361513,0.24603754459361513,0.13250646815208356,0.11799021211965532
0.8551133329527582,1.0959706576449044e-06,-5.557673613398761e-06,1.977845447159682e-05,0.12918805542521167,-0.4285416891032766,4.064354806094519,0.24604151155811874,0.24604151155811874,0.1326949487922211,0.11780879420513912
0.8697918476898171,-0.00012652439203611907,0.0011724735400599727,-0.0016671411411985164,0.052472476889000086,-0.45899271402770014,4.095578818882568,0.2441657319325718,0.2441657319325718,0.11801847217919659,0.13199184394108998
0.8704812951934756,-1.3351215602004669e-05,-5.8558057691751506e-05,-5.01916622760512e-05,0.045426267823757124,0.4572496710333925,4.0645314684421034,0.2460308175159216,0.2460308175159216,0.11732430306385,0.13311502808164966
0.8706599086246067,-1.3370210587257585e-05,-5.899202489348327e-05,-5.0650867458904985e-05,0.04437056778678969,0.4575254772002018,4.064461226582474,0.2460350694108678,0.2460350694108678,0.11714565053078341,0.13329935642711443
0.8708383706670179,-1.3386350387458677e-05,-5.941087265189677e-05,-5.109061528974762e-05,0.043313594985954655,0.4577996280144498,4.064389960256036,0.2460393834692489,0.2460393834692489,0.11696714920600626,0.13348367578185705
0.8710166798667747,-1.339981457566851e-05,-5.981523505451633e-05,-5.151168789030748e-05,0.042255349241968575,0.4580721155492725,4.064317647796665,0.2460437610092107,0.2460437610092107,0.11678880054378371,0.13366798462711615
0.8711948348122273,-1.3410770015850441e-05,-6.020568654089415e-05,-5.191478977228655e-05,0.0411958303150958,0.4583429321017662,4.064244269640093,0.24604820322193738,0.24604820322193738,0.11661060595604678,0.13385228146665484
0.8536979392462791,1.6572218700255953e-06,-6.072283497008887e-06,1.9212054719726094e-05,0.13632159127015847,-0.42544808059638717,4.063822033358354,0.2460737679434247,0.2460737679434247,0.13411053901901115,0.11645101408757408
0.853485576670717,-1.7120508060246392e-05,-4.942410224873677e-05,-4.875053290190818e-05,0.13736858149625553,0.4249409394859957,4.063357277135303,0.24610191322014574,0.24610191322014574,0.1343229735923126,0.1162491476012506
0.8532969083416412,-1.702593389047041e-05,-4.8882853457717046e-05,-4.8180784422909924e-05,0.13831239867823494,0.42452271008753184,4.063290071253125,0.24610598368912376,0.24610598368912376,0.13451166672097226,0.11606889644791407
0.8531081816974562,-1.6932043183304934e-05,-4.8349173502169873e-05,-4.7620746475942374e-05,0.1392550776292226,0.42410304300187973,4.063221156888043,0.24611015777587752,0.24611015777587752,0.13470041803644428,0.11588874154735529
0.8529193982244431,-1.6838751437723857e-05,-4.782268001109163e-05,-4.706991670717271e-05,0.14019661893339297,0.42368194166559436,4.0631505496509694,0.2461144345453558,0.2461144345453558,0.13488922605245746,0.11570868416594826
0.8527525747482781,1.9715158252658453e-06,-6.269104627107085e-06,1.869938702890567e-05,0.14104148959352522,-0.4233419225119715,4.063425712601978,0.24609776841709727,0.24609776841709727,0.13505603023127633,0.11554880462475514
0.8725259465744423,-1.3427188596194638e-05,-6.27362305864653e-05,-5.4420125468046804e-05,0.033208819605343075,0.4603200607716111,4.063658430647998,0.2460836748625396,0.2460836748625396,0.1152791911628529,0.13523397876202148
0.8727027379455901,-1.3422234356157357e-05,-6.302535364280581e-05,-5.4690705837846626e-05,0.03213846305664642,0.46057638523521277,4.063575427443318,0.2460887014048046,0.2460887014048046,0.1151023586270048,0.13541811552111693
0.8521637251447866,-1.6470118052854547e-05,-4.578193794242398e-05,-4.494993418408772e-05,0.1439514203208102,0.42198325699346584,4.062851469841595,0.24613255183532184,0.24613255183532184,0.13564499602256996,0.1149894546846113
0.8519953914785232,2.191473640992288e-06,-6.3593224043095454e-06,1.8233068069284316e-05,0.14479682717825565,-0.4216319326037338,4.0630846125598366,0.2461184285724183,0.2461184285724183,0.13581331241736594,0.11482887390854413
0.8518059824482214,2.242314947761171e-06,-6.373711436890298e-06,1.8110142208627948e-05,0.14573280710215897,-0.4212009650475054,4.062995977300122,0.24612379770666284,0.24612379770666284,0.1360027458380645,0.11464915631570882
0.8736468630612727,2.158331642230418e-06,-0.00020676374233180266,0.0003535270381633738,0.025843967470520247,-0.4614703958806802,4.0582948318448215,0.2464089085280725,0.2464089085280725,0.11415754211636675,0.1364778147131177
0.8736720899911055,-1.3373266675509887e-05,-6.443342693341128e-05,-5.593528398787492e-05,0.02622865552971015,0.461954944978326,4.063097669200015,0.24611763767837025,0.24611763767837025,0.11413277697757995,0.13643037646016187
0.8738477812718911,-1.3361104723846277e-05,-6.465775699905699e-05,-5.611871874375951e-05,0.025149986640543194,0.462199862684809,4.063006899621403,0.24612313606781755,0.24612313606781755,0.11395704336874068,0.13661432365880777
0.8741659039471616,-8.98860554839764e-07,-0.00018575697522955445,0.0003251785012502483,0.02270517399737683,-0.462242720150087,4.058607785358134,0.2463899082852026,0.2463899082852026,0.11363839235513518,0.13701465514148548
0.874339263767593,-1.7822792496705717e-06,-0.00018022926428776752,0.00031789584032763794,0.021648387119533898,-0.46249409697656324,4.058670915195651,0.246386075859465,0.246386075859465,0.11346499423732281,0.13719475229161004
0.8743738109350614,-1.3320082323320101e-05,-6.5274867374635e-05,-5.65922864964624e-05,0.021906292165730284,0.46292391724792237,4.062727310436835,0.24614007379502845,0.24614007379502845,0.11343088564559123,0.13716595490974104
0.8503841400194073,2.5739257366289688e-06,-6.393064871265176e-06,1.712611457032557e-05,0.15271633701816265,-0.41792462782177536,4.0622881450787744,0.24616668347651355,0.24616668347651355,0.13742476691924133,0.11330480911571816
0.8501765303022665,-1.5516359847983678e-05,-4.0825734735279544e-05,-3.9891811288629885e-05,0.15372154360896448,0.41741654944403117,4.061943936019872,0.24618754363701484,0.24618754363701484,0.13763243551043525,0.11310956165689867
0.8499870458249319,-1.542547047196347e-05,-4.037866938182352e-05,-3.94412029803394e-05,0.1546455403941167,0.41697355946744774,4.061848516800965,0.24619332697015028,0.24619332697015028,0.13782194256217484,0.11293116944309456
0.8497975273020459,-1.533446375507943e-05,-3.9935397406077125e-05,-3.899525771437478e-05,0.15556841147036732,0.41652917475588896,4.061751564776942,0.24619920348449886,0.24619920348449886,0.13801148353454706,0.11275289417124534
0.849625025780304,2.7170127206992113e-06,-6.348964182637344e-06,1.6567691842819127e-05,0.15641473849434864,-0.4161455500567344,4.061879458798344,0.24619145155426092,0.24619145155426092,0.13818397338850275,0.11259048391214399
0.8494183934093495,-1.5152024473263576e-05,-3.9059831617847116e-05,-3.811679567425808e-05,0.15741077955987284,0.4156362278061058,4.061553087452895,0.24621123458640448,0.24621123458640448,0.13839066195274619,0.11239669891104831
0.8756818773825467,-1.3198304271263948e-05,-6.646472270471593e-05,-5.7281654891248065e-05,0.013746521322484776,0.46466288930556454,4.061980253483761,0.24618534251670698,0.24618534251670698,0.11212249197035884,0.13854345460299033
0.8759867123391124,-8.423818340159504e-06,-0.00014774996882332706,0.0002783901139871475,0.011435759871329079,-0.46475728506994823,4.058682384038305,0.24638537963274196,0.24638537963274196,0.11181714744652638,0.13892031898933654
0.8760289648034887,-1.3163792446587368e-05,-6.669942259511597e-05,-5.734697463975245e-05,0.011558368989966511,0.4651091944832328,4.061769399469937,0.2461981224563119,0.2461981224563119,0.11177531557559217,0.1389103555335749
0.8763327601619286,-9.596558374289984e-06,-0.00014370683360670635,0.00027426337687306743,0.00925552347361191,-0.46520767098653854,4.058597071065889,0.24639055873003304,0.24639055873003304,0.11147100978288593,0.13928541118989213
0.8765056100425368,-1.0167204306004e-05,-0.00014190995799525229,0.0002725434973334821,0.008162208024408818,-0.46542965454457297,4.058546650337903,0.24639361972511584,0.24639361972511584,0.11129811435782566,0.13946807104164027
0.8766783341945998,-1.0729124850732776e-05,-0.00014024496099988157,0.00027102663569020344,0.007066856118694686,-0.46564951947501526,4.058491526286736,0.24639696634156508,0.24639696634156508,0.11112534426701715,0.13965079027677463
0.8480105127150493,2.949967253710151e-06,-6.158147635977108e-06,1.5335948271370164e-05,0.16421367815459073,-0.4122921574775125,4.060938873204884,0.24624847386850773,0.24624847386850773,0.13979867553317082,0.11107908140801515
0.8478204723151725,2.971390698596483e-06,-6.1284253035215915e-06,1.518853836204119e-05,0.16512583552626559,-0.41183232271988035,4.060821773066002,0.24625557482789498,0.24625557482789498,0.13998873756875985,0.11090187725812606
0.8772817918049289,-1.2642357969946806e-05,-0.0001353007739864564,0.00026709153921851837,0.003217910248118673,-0.46640252420452366,4.058265657021959,0.24641067995874402,0.24641067995874402,0.11052172295795504,0.14029062896658995
0.8774538792908719,-1.3177328979555348e-05,-0.00013410362731011146,0.0002663063870300128,0.002114060051287043,-0.4666129812346711,4.0581926899241365,0.24641511047093576,0.24641511047093576,0.11034958791491933,0.1404734961662465
0.8774957013970404,-1.3024069660199734e-05,-6.731810308458681e-05,-5.706078158676997e-05,0.002201223816188834,0.4669224447785624,4.060818685263406,0.24625576207796993,0.24625576207796993,0.11030819275390935,0.14046730910509775
0.8470601620988504,3.045216599636874e-06,-5.9967459592559844e-06,1.4596272028385368e-05,0.1687632005727082,-0.4099793475617659,4.060339840931969,0.24628480353271862,0.24628480353271862,0.14074913306545234,0.11019438865372033
0.8468700537351891,3.060782054092904e-06,-5.960874168784399e-06,1.4447795521835225e-05,0.16966972902555255,-0.4095126983767916,4.060215980304845,0.24629231667742932,0.24629231667742932,0.14093926243580668,0.11001785378337958
0.8464898089257403,3.0885466702596946e-06,-5.88590880581677e-06,1.4150665645067061e-05,0.1714794151179835,-0.408575318308609,4.059964214555549,0.2463075897109777,0.2463075897109777,0.1413195488857084,0.10966519612169423
0.8460969910608244,-1.3518124867512362e-05,-3.193866826093276e-05,-3.1073198290986575e-05,0.17334046576399717,0.40758697319480397,4.059562656414046,0.24633195362067276,0.24633195362067276,0.1417124330721612,0.10930146803474383
0.8457292425788665,3.131005186035656e-06,-5.724257153904384e-06,1.3556807870068492e-05,0.17508532183542488,-0.40668424875953135,4.059444545776184,0.24633912071554,0.24633912071554,0.14208019703451702,0.1089615582032809
0.8453372486989114,-1.3133294318833585e-05,-3.0430329190321563e-05,-2.9600340028420633e-05,0.17693362890544106,0.405688057028132,4.059045374863296,0.24636334597113954,0.24636334597113954,0.14247225460465862,0.10859975837779867
0.8448735683828641,3.1588434345881385e-06,-5.526251766087142e-06,1.2891682902318596e-05,0.17912054745673203,-0.4045308396608871,4.058834311527832,0.2463761571049641,0.2463761571049641,0.14293596093147498,0.10817270778106702
0.8444932851621116,3.1647371248700608e-06,-5.4335374935227965e-06,1.2597761642250294e-05,0.18090671466473493,-0.40356495845069734,4.0585544364811605,0.24639314703069942,0.24639314703069942,0.14331628323932288,0.10782306276395615
0.8441130265284738,3.166784178468217e-06,-5.3382726230261705e-06,1.2305172808947505e-05,0.1826884165941203,-0.4025936601496502,4.058269256238107,0.24641046142092843,0.24641046142092843,0.14369658048539535,0.10747401697125203
0.8437227881739027,-1.2301167596802868e-05,-2.735626463251818e-05,-2.6614006613466373e-05,0.18451024308581307,0.4015803067545304,4.057871472569512,0.2464346164632916,0.2464346164632916,0.1440868772578353,0.1071163076539513
0.8433429794458333,-1.2102672774318071e-05,-2.6657925182516992e-05,-2.593804935123857e-05,0.18628136980966004,0.40059946709771255,4.0575807117959135,0.246452275636285,0.246452275636285,0.14446672294767593,0.1067688302455867
0.8429725006061988,3.1507918257078877e-06,-5.039370526896596e-06,1.1437134829350266e-05,0.1880067725382891,-0.39964729001806126,4.057382071839375,0.24646434136449458,0.24646434136449458,0.14483721943498906,0.10643055470066765
0.8424885945686231,-1.1652588829159911e-05,-2.512037649080911e-05,-2.4452407976257977e-05,0.1902502737343787,0.3983726790992169,4.056906539563525,0.24649323080230193,0.24649323080230193,0.14532118936824256,0.10598926574389289
0.8421089740851287,-1.1451098210956668e-05,-2.4451790320504888e-05,-2.3807383751531743e-05,0.1920070691683506,0.39737415797396236,4.056598112820459,0.2465119719006927,0.2465119719006927,0.14570084538091765,0.10564381513325438
0.8417376061745468,3.098213749142114e-06,-4.698124891392085e-06,1.0516710474073825e-05,0.1937231383821507,-0.396400467869801,4.05636790088301,0.2465259622487189,0.2465259622487189,0.14607223165025307,0.10530655148354429
0.841349983907139,-1.1045658062800036e-05,-2.314145731956572e-05,-2.254467231206237e-05,0.19550745344833947,0.39536081138310997,4.055965199195191,0.24655043889391015,0.24655043889391015,0.1464599053204928,0.10495484277700173
0.8409706351518398,-1.084180051429472e-05,-2.2499568707351898e-05,-2.1926699191172323e-05,0.1972510473760807,0.3943459889757716,4.055640780027211,0.24657016097793813,0.24657016097793813,0.14683928831518,0.10461133658632649
0.8405037590371904,3.011819494034823e-06,-4.344285536524201e-06,9.620671825970038e-06,0.19939261944881276,-0.39309656668411863,4.055299326073765,0.24659092204869965,0.24659092204869965,0.14730619185061578,0.10418947857944727
0.8401243794727047,2.978861983409143e-06,-4.2336316939226985e-06,9.350306262339074e-06,0.20112765695800058,-0.39206850003882415,4.054959723272423,0.24661157403383102,0.24661157403383102,0.14768560527448227,0.1038471987111591
0.8397385764466925,-1.0174731161264544e-05,-2.0473675065314892e-05,-1.9978067910803457e-05,0.20288737840351606,0.39101030870514947,4.054550251464116,0.24663647950568515,0.24663647950568515,0.14807145539560151,0.10349956434558272
0.8393660604268349,2.9044296589124856e-06,-4.010584626022606e-06,8.817496162157536e-06,0.20458444889686375,-0.389996154677347,4.05426542594423,0.24665380653194457,0.24665380653194457,0.14844399075133863,0.10316471182840847
0.8389871417972004,2.863104328951748e-06,-3.8984152435547635e-06,8.555149042388715e-06,0.20630620664180546,-0.3889518740033169,4.05391078865938,0.2466753838780695,0.2466753838780695,0.14882294196027812,0.10282451975670115
0.83860264963583,-9.553997467263107e-06,-1.868419376631088e-05,-1.825795375759941e-05,0.20804898113789122,0.38788030528643164,4.053495308325005,0.24670066792632414,0.24670066792632414,0.1492074783843449,0.10247976095390599
0.838129801763229,-9.29430525743966e-06,-1.7961090097948873e-05,-1.7562852074385298e-05,0.21018799179264705,0.3865617071700007,4.053042300470617,0.24672824161837284,0.24672824161837284,0.1496803652604901,0.10205671980615472
0.8377517370269437,-9.086213948451346e-06,-1.739205657048774e-05,-1.7015746246988817e-05,0.21189426381848225,0.3855007144760654,4.052674270298346,0.24675064742530686,0.24675064742530686,0.15005846075310514,0.10171909649955013
0.837378811362693,2.658858626550179e-06,-3.419595804002136e-06,7.471345414478779e-06,0.21357433526227684,-0.38445333509465374,4.052348695749695,0.24677047191147441,0.24677047191147441,0.15043140622870954,0.10138672229193624
0.8369962222441429,-8.669368416612953e-06,-1.6279012078894682e-05,-1.5945112533412212e-05,0.2152936430831727,0.38336241642113617,4.0519233709208375,0.24679637506884555,0.24679637506884555,0.15081403587279152,0.10104604025323682
0.8366232704344745,2.547767273062039e-06,-3.1944347995722516e-06,6.979167728833674e-06,0.21696699582893214,-0.38230253426408417,4.051583325093753,0.2468170884716681,0.2468170884716681,0.15118700760257864,0.100714714398348
0.8362458551104536,2.48887299893019e-06,-3.0821836599534555e-06,6.73742393562708e-06,0.21865669325159595,-0.38121900167475403,4.051193495544834,0.24684083865648898,0.24684083865648898,0.15156445255482132,0.10037984130292443
0.8357704483590199,-7.991107225023845e-06,-1.4540760675929202e-05,-1.4270987181938144e-05,0.22078018396146185,0.37984124902279304,4.050661635007748,0.24687324938659985,0.24687324938659985,0.15203990452395566,0.09995868286591925
0.8353938171828293,-7.782439379534525e-06,-1.4023286597041915e-05,-1.377189712767093e-05,0.2224590164224308,0.37874623391409623,4.0502632366823095,0.2468975327191646,0.2468975327191646,0.15241656405703674,0.09962572743752218
0.8350174542213494,-7.573882798466384e-06,-1.351391917773046e-05,-1.328022532400843e-05,0.224133453229477,0.37764576375513903,4.049860120578884,0.24692210847446772,0.24692210847446772,0.15279295500413603,0.0992935451161483
0.8346447672529229,2.2154248374494266e-06,-2.6094296618483207e-06,5.742531283857003e-06,0.22578854946699292,-0.37655340813440463,4.049484528457975,0.2469450106482554,0.2469450106482554,0.1531656620117865,0.09896523359260057
0.8342687877003486,2.145985112705275e-06,-2.4995499751056026e-06,5.516101491600497e-06,0.2274550109535121,-0.3754413447257056,4.049070336627034,0.24697027141124506,0.24697027141124506,0.1535416691799295,0.0986344475615023
0.833796257280751,-6.89751463198527e-06,-1.1913983545911603e-05,-1.1732717025306429e-05,0.22954498524676845,0.37403151273132795,4.0485178984733015,0.24700397159590196,0.24700397159590196,0.15401424037576328,0.09821937803731717
0.8334211546572826,-6.6900496932077976e-06,-1.1438626027896294e-05,-1.1271835684862255e-05,0.23120071086968108,0.3729078118325975,4.0480951841998944,0.24702976449345765,0.24702976449345765,0.15438936944553805,0.09789056080350245
0.8330463770377846,-6.482985308926403e-06,-1.0971164302999656e-05,-1.0818032822976356e-05,0.23285202512769274,0.3717786324959309,4.047667967386812,0.2470558375976682,0.2470558375976682,0.15476417315818292,0.09756255386398704
0.8326744275830217,1.831372631936628e-06,-2.0402731359970974e-06,4.586217187690384e-06,0.23448799163550654,-0.3706542307716063,4.047260010574358,0.2470807403990057,0.2470807403990057,0.15513614256153774,0.09723762055451424
0.8322978403782846,-6.0702731260167326e-06,-1.0059760913899946e-05,-9.931419120642122e-06,0.23614140318246293,0.36950381739588306,4.046800195954145,0.24710881476178798,0.24710881476178798,0.1555127609581688,0.09690899879322024
0.8319262936339819,1.673300521508008e-06,-1.8291886160788613e-06,4.166673861819792e-06,0.23776985852194574,-0.36836730253367234,4.046380672106554,0.2471344347044338,0.2471344347044338,0.15588432756898496,0.0965854439488667
0.8314574514368979,-5.608672419331605e-06,-9.071558717219256e-06,-8.966936883479971e-06,0.23982079695507208,0.36691837582767944,4.045803056831187,0.24716971784168718,0.24716971784168718,0.15635320579429957,0.09617772610427144
0.8310845592325031,-5.404582366910158e-06,-8.6448510367946e-06,-8.549313784821393e-06,0.24144887798451273,0.3657603437577057,4.04535290645777,0.24719722187986548,0.24719722187986548,0.15672612229361393,0.09585408720326771
0.8307120604582404,-5.201220595086406e-06,-8.22576770192539e-06,-8.138400772837454e-06,0.24307251705908114,0.36459679694242353,4.044898525291403,0.24722499062642317,0.24722499062642317,0.15709864503082827,0.09553130181281222
0.8303415884142684,1.3187999874627178e-06,-1.3933083913429373e-06,3.3129476121540583e-06,0.24468461047883866,-0.3634346892820418,4.044455720774632,0.24725205788839014,0.24725205788839014,0.15746913669148377,0.09521083699436383
0.8299682873738925,-4.796882271042071e-06,-7.410289055100019e-06,-7.336479631321602e-06,0.24630644442390326,0.3622531325485554,4.043977251174464,0.24728131190885827,0.24728131190885827,0.15784246505855737,0.09488831880526993
0.8295970352153652,-4.596004216594651e-06,-7.013799314888936e-06,-6.945360133887629e-06,0.24791671936966245,0.3610730012151393,4.043510449590258,0.24730985920942364,0.24730985920942364,0.1582137402041668,0.09456813474616155
0.8291348378937813,1.0328070111709279e-06,-1.0729970009859218e-06,2.69420971837419e-06,0.24991780974984418,-0.35959554150401085,4.042933640694189,0.24734514312441094,0.24734514312441094,0.1586759625871692,0.09417026669743733
0.8287633353016222,-4.147483741284343e-06,-6.148808366773822e-06,-6.088977266204125e-06,0.251523487928481,0.3583974306783971,4.042445416547952,0.2473750160995248,0.2473750160995248,0.15904749067876556,0.09385095064213811
0.8283935465607122,-3.949785146130402e-06,-5.776302950148744e-06,-5.718742537132693e-06,0.2531192115264937,0.3571992599281824,4.041965630311722,0.24740437981479782,0.24740437981479782,0.15941730138313515,0.0935336531544555
0.8280251855828611,7.591325360944622e-07,-7.883414424416671e-07,2.1487512821923664e-06,0.2547062735508072,-0.3559998178383822,4.0414915987798965,0.24743339817949747,0.24743339817949747,0.15978568145226701,0.09321811194586316
0.8276554024581366,-3.55766333945553e-06,-5.05305890704762e-06,-4.997153903738083e-06,0.25629716618035714,0.3547862102661628,4.040994422136189,0.24746384071259633,0.24746384071259633,0.16015548849184258,0.09290177196993377
0.8271950652843739,-3.3149331776471736e-06,-4.6156193608770105e-06,-4.558791907144685e-06,0.2582742264312812,0.3532667184166936,4.0403796777911225,0.24750149237130617,0.24750149237130617,0.16061585193029948,0.09250870278506851
0.8268280467231598,4.5385775607560836e-07,-4.927346652605916e-07,1.5850724073117456e-06,0.25984782427722963,-0.3520479752010943,4.039890741752521,0.2475314467455612,0.2475314467455612,0.16098288924855364,0.09219589154664987
0.8264607966624754,3.583510454638168e-07,-4.0456716723131604e-07,1.41723327926674e-06,0.2614201795714718,-0.350820164278921,4.039390328503258,0.24756211177307455,0.24756211177307455,0.1613501598760082,0.09188333743813426
0.8260940841064407,2.621909553103975e-07,-3.1774741518936135e-07,1.2519957933772212e-06,0.26298797183938827,-0.3495867573256221,4.0388863097403735,0.24759300542536977,0.24759300542536977,0.16171689270140632,0.0915717241922257
0.8257279203557952,1.6542720556116395e-07,-2.3229399849681224e-07,1.0893404018367595e-06,0.2645511907591046,-0.3483477454644365,4.038378734613718,0.24762412485703938,0.24762412485703938,0.16208307642733832,0.09126105825919906
0.8253623167438662,6.810905782788357e-08,-1.4822446530585215e-07,9.29247505435309e-07,0.26610982561443447,-0.34710311969122726,4.037867652720048,0.2476554671935236,0.2476554671935236,0.16244869972378528,0.09095134607290845
0.8249057920308769,-2.1315031466157807e-06,-2.592733259324755e-06,-2.508834005911965e-06,0.26805307899879144,0.3455378390962285,4.037220324979057,0.24769517626095564,0.24769517626095564,0.16290524965812636,0.09056526725495362
0.824541545323865,-1.9472425369940134e-06,-2.293910924357207e-06,-2.2022493657938826e-06,0.2696011185234707,0.34428080228686386,4.03670210273876,0.24772697478011452,0.24772697478011452,0.16326951525406086,0.090257773502748
0.8241778921421359,-1.7644909647071449e-06,-2.001782781793272e-06,-1.9014298704200545e-06,0.2711445523454046,0.3430181085848851,4.036180511364381,0.24775898827725185,0.24775898827725185,0.16363318704996388,0.08995125097513368
0.8238148440506882,-1.583284795966528e-06,-1.716289895816763e-06,-1.6063248652015831e-06,0.27268336762884954,0.3417497486901076,4.035655603193936,0.24779121370232157,0.24779121370232157,0.16399625348390912,0.08964570613290013
0.823452412649191,-1.40365954155558e-06,-1.4373727403653298e-06,-1.316883897215294e-06,0.2742175511347709,0.3404757132016438,4.035127430953079,0.24782364797926706,0.24782364797926706,0.16435870295927835,0.08934114542298743
0.8230906957884172,-5.496863897192555e-07,3.449057805543651e-07,-1.4499339407408804e-08,0.2757467104487816,-0.3391964406797422,4.0345970936939795,0.24785622375106214,0.24785622375106214,0.16472043732287078,0.0890376519354299
0.8226392970021467,-6.745968934468221e-07,4.366751678183743e-07,-1.9174975268038242e-07,0.27765228214445,-0.3375885436873245,4.03392788184093,0.247897342067414,0.247897342067414,0.16517185815954816,0.08865955084957511
0.8222789104723623,-8.312086035381057e-07,-5.755755954237002e-07,-4.147119175886937e-07,0.27917149162140925,0.3362957854349843,4.033388973164503,0.24793046409690145,0.24793046409690145,0.16553226205755334,0.08835819745577478
0.8219192302416451,-6.586784091653645e-07,-3.2392833724063896e-07,-1.487847389841306e-07,0.2806858328908996,0.3349975217009665,4.03284752573393,0.2479637510763594,0.2479637510763594,0.16589195925412004,0.08805789094079963
0.8215601772555438,-9.75197783411312e-07,6.473628095745326e-07,-6.019441796328283e-07,0.2821956913525359,-0.33369324947620393,4.032302415758903,0.24799727225116722,0.24799727225116722,0.1662510291588527,0.08775855688524326
0.821201841009162,-1.0754982503439273e-06,7.145649169371405e-07,-7.339717497163489e-07,0.28370070849574014,-0.3323833818504626,4.03175470967244,0.2480309622013798,0.2480309622013798,0.16660938197688668,0.08746027073340545
0.8208443059830637,-1.517267417219892e-07,3.937388715699366e-07,6.167800055971081e-07,0.2852005449874954,0.33106833265287994,4.031205518056532,0.2480647527199521,0.2480647527199521,0.16696693290458542,0.08716310357415158
0.8203982984355243,5.465744664809169e-08,6.765589638045257e-07,9.217309341651465e-07,0.2870690655777997,0.3294158960621582,4.030513785435947,0.24810732656800435,0.24810732656800435,0.16741296037906594,0.08679301987041388
0.8200423110920279,2.1765768180340872e-07,8.960762385066509e-07,1.1598438455133045e-06,0.2885585082426219,0.32808745784518323,4.0299573066175,0.2481415866014072,0.2481415866014072,0.16776896339322933,0.08649812773927013
0.8196869179135662,-1.5010028510900396e-06,9.83097981805873e-07,-1.2694260429766786e-06,0.29004381250701033,-0.3267523409325011,4.029395821355352,0.2481761644512834,0.2481761644512834,0.1681243727358137,0.08620415566103057
0.8193325706173823,5.379274536164709e-07,1.3174149907222943e-06,1.6206817255476772e-06,0.29152298815393357,0.32541323462665733,4.028836342646875,0.2482106283183043,0.2482106283183043,0.16847873449896533,0.08591150332155284
0.818978841608071,6.951466698699445e-07,1.5193664621321648e-06,1.8435033119070461e-06,0.29299798884504646,0.32406742934746274,4.02827197179824,0.248245403240138,0.248245403240138,0.168832478474352,0.0856197837076933
0.8185376048861347,-1.824093574712751e-06,1.1696527662433193e-06,-1.6514905785171804e-06,0.29483568749701894,-0.3223758678615537,4.027559883787936,0.24828929397804408,0.24828929397804408,0.16927373458642692,0.08525648700285637
0.8181858106761959,1.0416305330523987e-06,1.9529264431098566e-06,2.326640858333162e-06,0.29629897338104694,0.3210181115924072,4.026993027452755,0.24832424421468213,0.24832424421468213,0.16962554224594828,0.08496733702601045
0.817834651375608,1.1923451951690448e-06,2.1365133994156067e-06,2.5333849115636007e-06,0.2977581359383685,0.3196533887623653,4.026420692944887,0.2483595421989075,0.2483595421989075,0.16997671577768692,0.08467911859315458
0.8174841399725244,-2.1192319446081856e-06,1.3273347160370114e-06,-1.9836769449607543e-06,0.2992131692141377,-0.3182815674136383,4.025842366438048,0.24839521992630126,0.24839521992630126,0.17032724241723085,0.08439183660909721
0.8171347951153093,1.4876113858073607e-06,2.48722378065634e-06,2.9323835075392564e-06,0.30066169270724563,0.3169064056801142,4.025269105127,0.2484305952926964,0.2484305952926964,0.17067659984211325,0.08410596021142114
0.8167861228254318,1.6321232069940223e-06,2.6544805497349364e-06,3.124732665750895e-06,0.3021060448452599,0.3155241251110282,4.024689970395414,0.24846634333470236,0.24846634333470236,0.1710252857103698,0.08382103290108134
0.8163514845072749,1.8097994217217254e-06,2.8560925620660757e-06,3.3585596905091236e-06,0.30390447982711066,0.3137880145077938,4.023963038939778,0.2485112289360086,0.2485112289360086,0.17145994070337423,0.08346643499017758
0.8160046150093427,-2.530157710283086e-06,1.5268790073136393e-06,-2.421541105746114e-06,0.30533827034971334,-0.3123912245732445,4.023374887863876,0.24854755718051627,0.24854755718051627,0.17180682479815124,0.0831838839947383
0.8156587757616457,-2.625351722805712e-06,1.5697858040811309e-06,-2.519112805932826e-06,0.3067663099308088,-0.31098983848813416,4.022788884201677,0.24858376335064628,0.24858376335064628,0.172152676999622,0.08290259622815177
0.8153138326544449,-2.719901034041204e-06,1.6111595875493538e-06,-2.6146408371084797e-06,0.30818928899210857,-0.3095825557478724,4.022200940946785,0.24862009996064746,0.24862009996064746,0.17249763285431308,0.08262244012227282
0.8149697982287097,-2.813770394497471e-06,1.6510052147715365e-06,-2.7081414725726053e-06,0.3096071841721443,-0.30816936626960345,4.02161111886475,0.2486565633631646,0.2486565633631646,0.17284167982391674,0.08234342194344813
0.8146266850755298,-2.9069250842130504e-06,1.6893281239492731e-06,-2.7996308379630843e-06,0.3110199716445305,-0.30675026003464945,4.021019479046264,0.2486931498867515,0.2486931498867515,0.1731848053199836,0.08206554796286103
0.8141991583815017,2.6476860869193033e-06,3.744306764775223e-06,4.4206388065338485e-06,0.31277838624165943,0.30496913083929683,4.020282186765659,0.2487387585110054,0.2487387585110054,0.17361234540863835,0.08171988578977041
0.8138581431707896,2.7737876048371743e-06,3.868578768902683e-06,4.574489316945121e-06,0.31417967352157306,0.30353661270041343,4.019686735478758,0.24877560511712282,0.24877560511712282,0.17395337247689535,0.08144459238083201
0.8135180890941461,2.897658096834132e-06,3.988114990286159e-06,4.72402978467309e-06,0.315575778175235,0.30209813768481747,4.019089657643254,0.24881256333713841,0.24881256333713841,0.17429343822073173,0.0811704624699825
0.8131790269158818,-3.2940750261060716e-06,1.835363008418583e-06,-3.1663909824994746e-06,0.31696676205586716,-0.3006528200901167,4.018486164015614,0.248849929845401,0.248849929845401,0.17463251375509614,0.080897494516463
0.8128409590484345,-3.382929336950477e-06,1.8658032491146057e-06,-3.2475799293756815e-06,0.31835232458898854,-0.2992024896763753,4.0178859959427315,0.24888710157774555,0.24888710157774555,0.17497059295268447,0.08062573071248713
0.8124197071025854,3.284702410455145e-06,4.344720348521677e-06,5.180820368170769e-06,0.32007700736436207,0.2973818398636808,4.017138681950327,0.24893340239737463,0.24893340239737463,0.17539185684581626,0.08028765253038983
0.8120838820822054,3.3989785136048055e-06,4.444885488498342e-06,5.312550239547909e-06,0.32145078919547826,0.2959179432219173,4.016535395113091,0.24897079239403633,0.24897079239403633,0.17572769275174716,0.08001853848189533
0.8117490863612427,3.510974828222716e-06,4.54067042885204e-06,5.440207881271169e-06,0.3228192462180936,0.2944480409779358,4.015930814543198,0.2490082738424236,0.2490082738424236,0.17606249918066819,0.07975062138697753
0.8114153330907388,3.6206844356701092e-06,4.632142718502436e-06,5.563838108371738e-06,0.32418234987236405,0.29297212424697455,4.015325004538351,0.24904584283208522,0.24904584283208522,0.1763962629839012,0.07948390764663527
0.8110828301342589,-3.833625069996652e-06,2.0016253467582184e-06,-3.642772756996893e-06,0.32553946964287106,-0.29148997333992316,4.014713150478299,0.24908379814903178,0.24908379814903178,0.17672877837208356,0.07921853553007019
0.8107512334411247,-3.916241031230392e-06,2.0230058191349793e-06,-3.7122454486154037e-06,0.3268916536921992,-0.2900021340762697,4.0141050985893365,0.2491215290679426,0.2491215290679426,0.17706038527920553,0.0789542729315511
0.8103379943631277,3.961378395894892e-06,4.900458097832758e-06,5.93836104380543e-06,0.32857511088144414,0.28813375278606923,4.013348413618558,0.24916849895381232,0.24916849895381232,0.17747363476089817,0.07862547622703375
0.8100088195012308,4.0613093875392295e-06,4.974352909625009e-06,6.045371438482258e-06,0.32991513302102077,0.2866321789403773,4.012738102314733,0.24920639585801865,0.24920639585801865,0.17780281943670018,0.07836394841419891
0.8096807570388901,4.1589293268852926e-06,5.044287877186256e-06,6.148587326896754e-06,0.331249644023651,0.285124546572545,4.01212690368151,0.24924435941505346,0.24924435941505346,0.17813089154978912,0.0781036577499804
0.8093538204753699,4.254235799113553e-06,5.110329730838072e-06,6.248052609646103e-06,0.3325786123402317,0.28361084785808033,4.011514883723301,0.24928238557894786,0.24928238557894786,0.17845783760313583,0.07784461071166715
0.8090284311306437,-4.331265513313601e-06,2.112430282114332e-06,-4.0474246834808575e-06,0.3339005691937047,-0.28209180102593734,4.0108974780255355,0.24932075812924417,0.24932075812924417,0.17878323847954525,0.07758711258086792
0.8087038236830708,-4.406558010392194e-06,2.1252172689813905e-06,-4.105745764216352e-06,0.33521821199482804,-0.28056611985380486,4.0102840755193006,0.24935889357676183,0.24935889357676183,0.17910785511701077,0.07733060075944687
0.8082992166149138,4.54798825192833e-06,5.2988817862441776e-06,6.545939925235993e-06,0.3368590898041286,0.2786493406531532,4.0095209492094375,0.24940635369349332,0.24940635369349332,0.17951247122075975,0.07701137518608392
0.8079772170555739,4.633451458396705e-06,5.349117753565462e-06,6.6299514408371795e-06,0.33816413854540434,0.27710977753896054,4.0089061809858375,0.24944460031092275,0.24944460031092275,0.1798344796104414,0.07675768616114609
0.8076564152100955,4.716599663775604e-06,5.39580753904184e-06,6.7104403704352266e-06,0.3394634710654389,0.27556411052626695,4.00829094216495,0.24948288795121293,0.24948288795121293,0.18015529013672404,0.07650527501379456
0.8073374303452281,-4.71218118845439e-06,2.1649727021569394e-06,-4.334433463096036e-06,0.3407548404509858,-0.27401403188964224,4.007671045516256,0.249521477347496,0.249521477347496,0.18047428580148617,0.07625460024308328
0.8070184601633035,4.875958765594192e-06,5.478809669584009e-06,6.861022262599999e-06,0.3420448487125215,0.2724544394263304,4.007059323291055,0.24955956957949044,0.24955956957949044,0.18079326210490465,0.07600431266843954
0.8066222488460976,4.97086898782528e-06,5.523846378168466e-06,6.9482199814317236e-06,0.34364640311228367,0.2704984620057844,4.006288984323834,0.24960755549908895,0.24960755549908895,0.18118948370587196,0.07569384370854615
0.8063074256158401,-4.929428051903054e-06,2.179987349009569e-06,-4.488827662461057e-06,0.34491833727290244,-0.26892916221571556,4.005668541175203,0.24964621753416846,0.24964621753416846,0.18150431729565464,0.07544748699190129
0.8059931802974705,-4.99327741651684e-06,2.182025890159608e-06,-4.532841688893366e-06,0.3461869254083193,-0.26735157041161844,4.005052044312811,0.2496846455266427,0.2496846455266427,0.18181857054907702,0.07520192336400733
0.8056802204511418,-5.055683188883424e-06,2.1828806287106136e-06,-4.57523532143157e-06,0.3474495727917315,-0.26576784404130244,4.004435506486966,0.24972308790591202,0.24972308790591202,0.18213153819273042,0.07495767905363371
0.8053685602654914,-5.116627018860712e-06,2.182569770767844e-06,-4.616021493036098e-06,0.3487062420179177,-0.26417797836292567,4.003818996522576,0.2497615403864477,0.2497615403864477,0.18244320603998543,0.07471476071795635
0.805058213989389,-5.1760911753493996e-06,2.1811118456055763e-06,-4.655213057859521e-06,0.349956895198866,-0.2625819689594045,4.0032025834638425,0.2497999986637529,0.2497999986637529,0.18275355984395925,0.07447317503484374
0.8046712076654146,5.391636855437476e-06,5.674869137379626e-06,7.3075517469718045e-06,0.35151522987382655,0.2605747285335227,4.0024357177110295,0.24984786028541,0.24984786028541,0.183140573084548,0.0741723675981566
0.804363829962241,5.450701785249567e-06,5.688212073538479e-06,7.353619411924871e-06,0.3527523633116589,0.25896463753357957,4.001819661972315,0.24988632284023146,0.24988632284023146,0.1834479580213998,0.07393377461163719
0.804057812944731,5.507508560971829e-06,5.698741554092799e-06,7.396649599056953e-06,0.3539833540249882,0.2573483865993617,4.001203926520854,0.24992477723311762,0.24992477723311762,0.18375398214598704,0.07369653624011296
0.8037542343294939,-5.411920211543975e-06,2.1625620874518955e-06,-4.80428309269658e-06,0.3552041538534482,-0.2557302998141651,4.000585522749671,0.24996341018418794,0.24996341018418794,0.1840575700505933,0.07346145939005189
0.8034510222337797,-5.463349756730586e-06,2.1553979276753427e-06,-4.835311036741348e-06,0.35642258215145406,-0.25410197712963567,3.999970759548449,0.25000182754158146,0.25000182754158146,0.18436078900380826,0.07322698053866628
0.8031492144641013,-5.51320286984976e-06,2.1472091643474565e-06,-4.864823125012375e-06,0.3576347467440961,-0.2524674911351152,3.999356529479979,0.2500402233781408,0.2500402233781408,0.18466260350918107,0.07299387656471068
0.8027727598697876,5.723951884819441e-06,5.713526204185755e-06,7.546596364817447e-06,0.3591455944736831,0.2504105406955399,3.9985922568402508,0.2500880149230858,0.2500880149230858,0.18503906405659465,0.07270354399487566
0.8024741263985257,5.7690545353213485e-06,5.710284684823681e-06,7.574352593852152e-06,0.3603436674784123,0.24876191331653996,3.997979357299182,0.250126353997872,0.250126353997872,0.18533770400041472,0.07247352938599216
0.8021769454627232,5.81196038654136e-06,5.704607338947642e-06,7.599326455097676e-06,0.3615353395950537,0.24710711504169694,3.997367219197248,0.25016465717673547,0.25016465717673547,0.18563489129350175,0.07224491223660778
0.8018812319688025,5.852681005907422e-06,5.696553014014796e-06,7.621558179031379e-06,0.3627205678330461,0.24544614563929215,3.9967559137564916,0.2502029199626841,0.2502029199626841,0.18593061103117303,0.07201769948183545
0.8015870008802112,5.891228414502323e-06,5.686180099358728e-06,7.641087869983747e-06,0.3638993087443144,0.24377900532904184,3.996145512361896,0.2502411378430903,0.2502411378430903,0.1862248482516986,0.07179189807916209
0.8012956522899334,-5.788296002576612e-06,2.0741164513867157e-06,-5.015695406711629e-06,0.36506624905161605,-0.2421122423858542,3.995534077589992,0.2502794321311797,0.2502794321311797,0.18651620513411948,0.07156855411803309
0.8009304788652051,5.970079520331609e-06,5.654662906869498e-06,7.675356759214839e-06,0.3665275283739807,0.24000538155511172,3.9947757854497197,0.2503269404111057,0.2503269404111057,0.1868813836635007,0.07128904137010716
0.8006411696155527,6.001652262480835e-06,5.637152079543822e-06,7.686379566056412e-06,0.36768487993853716,0.2383181929882344,3.994168817064809,0.2503649810011959,0.2503649810011959,0.18717069869331826,0.07106787518427238
0.8003534069905403,6.0311076666332895e-06,5.617565489447606e-06,7.69486880257822e-06,0.3688355544913201,0.23662483975596513,3.993563057796139,0.25040295734102,0.25040295734102,0.18745846699376412,0.07084815017122059
0.8000672062442776,6.058459942657821e-06,5.595958972190004e-06,7.700863664547005e-06,0.3699795062364236,0.23492532464129284,3.9929585797909413,0.2504408648417177,0.2504408648417177,0.18774467331234257,0.07062987340669913
0.7997841595870788,-5.969460747252531e-06,1.986238980497479e-06,-5.099209055508911e-06,0.3711106684030563,-0.2332277217015624,3.992354152528806,0.250478780637882,0.250478780637882,0.18802772766630216,0.07041423090698118
0.79942904455686,6.112389180395911e-06,5.540244727105397e-06,7.70543390566836e-06,0.37252857723758936,0.23107890426052688,3.9916035634543534,0.2505258811660633,0.2505258811660633,0.1883828471686798,0.07014408264740912
0.7991480259038902,6.133008961600533e-06,5.512452914282476e-06,7.703590660753678e-06,0.37365035834999455,0.22935938868488973,3.991003749319688,0.25056353308875273,0.25056353308875273,0.18866387106974924,0.06993056182732027
0.7988686345442986,6.1515901236252445e-06,5.482872745341142e-06,7.69941767826882e-06,0.374765217221305,0.22763372906738066,3.9904055244199315,0.25060109652523743,0.25060109652523743,0.18894326758096858,0.06971851957600239
0.7985908860025064,6.16814874949497e-06,5.451557312737211e-06,7.692953233334567e-06,0.3758731058224923,0.22590193108777856,3.989808961501072,0.2506385668209471,0.2506385668209471,0.18922102117942707,0.06950796308517093
0.7983147958514625,6.1827012418653905e-06,5.418559180092866e-06,7.684235421032193e-06,0.37697397571493724,0.22416400101626321,3.98921413340236,0.25067593931015936,0.25067593931015936,0.18949711629366983,0.06929889956806168
0.7980421650622405,-6.1241413816305775e-06,1.8548711540271019e-06,-5.149697510609938e-06,0.37806094140071644,-0.22242991367876294,3.988620659704611,0.25071323781240656,0.25071323781240656,0.189769754110654,0.06909266443815076
0.7977015614411658,-6.1470331117041556e-06,1.8255686187944267e-06,-5.153644012761164e-06,0.37941802936474034,-0.22024163057926371,3.9878822064781763,0.2507596634563415,0.2507596634563415,0.19011036367786605,0.06883535830948762
0.7974309992490559,-6.163408257322126e-06,1.8014744370975316e-06,-5.155361414281484e-06,0.38049563131108083,-0.2184841341264969,3.9872936550989473,0.2507966772703588,0.2507966772703588,0.1903809305265165,0.06863121819377094
0.797160278046155,6.222562315932609e-06,5.260742557450806e-06,7.622922830627674e-06,0.3815732276209148,0.21670955853858678,3.986707164474667,0.25083357235538795,0.25083357235538795,0.1906516541837192,0.06842720414318049
0.7968950636988731,-6.190986477581101e-06,1.751647581797336e-06,-5.155004919220332e-06,0.3826291064492153,-0.21495085926547336,3.986122759453622,0.25087034703794975,0.25087034703794975,0.1909168751281748,0.06822751505268232
0.7966297219598981,-6.20218948434245e-06,1.725962371506867e-06,-5.152953537422469e-06,0.38368487843692894,-0.21317510046430424,3.9855405614863173,0.2509069935615139,0.2509069935615139,0.19118222126487672,0.06802796666401867
0.7963641853487246,6.229792799898698e-06,5.133713793894702e-06,7.557108806487733e-06,0.3847408189971567,0.2113813444912746,3.984960246592859,0.25094353221089216,0.25094353221089216,0.19144776011749542,0.06782850835824894
0.7960372062666714,6.227835838170664e-06,5.077335667614248e-06,7.5244594254730164e-06,0.3860409841628513,0.20914515088913913,3.9842384618398694,0.25098899314832,0.25098899314832,0.19177474449513032,0.06758316620098137
0.7957776560866345,6.224202336835617e-06,5.03086572081104e-06,7.496197766882734e-06,0.38707268580444293,0.2073493990696228,3.9836637609896743,0.2510252019240617,0.2510252019240617,0.192034298821251,0.06738864959684843
0.7955219791456519,-6.230599648871603e-06,1.6117022186893723e-06,-5.130605070176155e-06,0.38808896840558954,-0.2055605878323091,3.9830923653426105,0.2510612128157324,0.2510612128157324,0.19228998185397195,0.06719721429767911
0.7952661174625141,-6.232779014512891e-06,1.5837484238730641e-06,-5.1222000916204765e-06,0.3891054245888654,-0.2037531159298851,3.9825228717776455,0.25109711411491237,0.25109711411491237,0.1925458475112255,0.06700586083681115
0.7950121115233261,-6.233249094036166e-06,1.5554370935926871e-06,-5.112619318480244e-06,0.39011422807314083,-0.20193964583992052,3.9819560271437227,0.2511328586210695,0.2511328586210695,0.19279985734788918,0.06681609148691037
0.7946951166641738,6.188716834398276e-06,4.820921898502168e-06,7.355709615927336e-06,0.39137254427838736,0.1996503841890488,3.981250098152709,0.2511773878420745,0.2511773878420745,0.19311685499926867,0.06657955834059326
0.794445324480598,6.175757980770138e-06,4.768840602961092e-06,7.318053129863756e-06,0.3923640146174038,0.19782315330815683,3.9806893588283545,0.25121276991438796,0.25121276991438796,0.19336665092855165,0.06639336688949071
0.7941996029815954,-6.2230289490910055e-06,1.4612442934914603e-06,-5.073493080871934e-06,0.39333934233447376,-0.1960046342412023,3.980132961860301,0.2512478878425718,0.2512478878425718,0.1936123780421094,0.06621037154652376
0.7939536636641047,-6.216290208398439e-06,1.431679325950246e-06,-5.0590363158742565e-06,0.3943150241943702,-0.19416585289875835,3.97957819248097,0.2512829128196058,0.2512829128196058,0.1938583209450847,0.06602741799063827
0.7937096647874479,-6.2078713250730764e-06,1.4018817514124162e-06,-5.0434604690728894e-06,0.3952827705417293,-0.19232116292169152,3.9790264564380218,0.2513177559757138,0.2513177559757138,0.19410232333694644,0.06584608782699997
0.7934676225487084,-6.197779514706244e-06,1.371875238006324e-06,-5.026776196654157e-06,0.39624252665298765,-0.19047058390446786,3.9784778267962557,0.25135241253946333,0.25135241253946333,0.19434436902176644,0.06566638857475082
0.7931656116369394,6.080059665292902e-06,4.481127259363365e-06,7.093603225926481e-06,0.3974395003533449,0.1881330812657871,3.977794567602245,0.251395586927654,0.251395586927654,0.19464638227599673,0.0654424355486154
0.7929280165623384,6.056714963548218e-06,4.423916341426191e-06,7.046012976756347e-06,0.398381134664203,0.18626900569039478,3.977253081348495,0.25142981337786735,0.25142981337786735,0.19488398066260026,0.06526642426539075
0.7926946943204917,-6.153524435388537e-06,1.273195801396497e-06,-4.965024805242522e-06,0.3993058854966455,-0.1844157837458048,3.9767171155969816,0.25146370006504243,0.25146370006504243,0.19511730798598004,0.06509372053163165
0.7924588737184015,6.005282482291398e-06,4.307512359471028e-06,6.946465389987238e-06,0.40023982695170884,0.18252342048016965,3.976180216699366,0.2514976549101443,0.2514976549101443,0.19535312993562826,0.06491937768626221
0.7922296451169125,-6.117679098530565e-06,1.2118457083386518e-06,-4.921416145808991e-06,0.4011479673483036,-0.18065927364044126,3.9756513756085794,0.2515311091247087,0.2515311091247087,0.19558236345576097,0.06475002345911385
0.7920001995482114,-6.0973267226315505e-06,1.1810650073620973e-06,-4.8980419787907035e-06,0.40205653024109517,-0.17877238556227956,3.975123810797152,0.25156449147164167,0.25156449147164167,0.1958118120635829,0.06458068825711105
0.7917140024743248,5.90858309441781e-06,4.1133978586316265e-06,6.77286657957258e-06,0.4031893191229424,0.17638769837911916,3.974466845710087,0.25160607417806696,0.25160607417806696,0.19609801109144964,0.06436971180055906
0.7914892387171953,5.87565262099007e-06,4.052599334091217e-06,6.716647543695454e-06,0.40407895044831565,0.17448765727401827,3.9739474557838754,0.25163895877499626,0.25163895877499626,0.1963227777694908,0.0642041754364463
0.7912689115297776,-6.020152334035285e-06,1.0808726599835064e-06,-4.814995343021764e-06,0.4049510989161295,-0.17260062950304855,3.973434690177848,0.2516714323937311,0.2516714323937311,0.1965431095411817,0.0640420294580265
0.7910460631140743,5.80543624648335e-06,3.929713653523769e-06,6.600450336798402e-06,0.40583258249018117,0.17067062941783645,3.972920139143605,0.2517040275104946,0.2517040275104946,0.1967659590387103,0.06387822046786262
0.7908300198755196,-5.964406363503951e-06,1.0193473248070156e-06,-4.758617732500665e-06,0.4066874644616213,-0.16877300627091954,3.972415375432764,0.25173601083724984,0.25173601083724984,0.19698200670953359,0.0637195091895515
0.7905600908109212,-5.926427600196427e-06,9.81044203600892e-07,-4.721385948283205e-06,0.40775506807391443,-0.16636941399330127,3.971786412275454,0.25177587518536665,0.25177587518536665,0.19725193910589933,0.06352143473631866
0.7903465981782566,-5.894328430008101e-06,9.505204864155182e-07,-4.690510901873117e-06,0.4085992987324031,-0.16444031714279744,3.97128784596838,0.25180748381540563,0.25180748381540563,0.19746543434201602,0.06336492605326949
0.790132955242619,5.637609004420494e-06,3.663970083837006e-06,6.337891197628252e-06,0.40944375776347247,0.16248540163878344,3.9707901333729674,0.25183904623802295,0.25183904623802295,0.1976790782030693,0.0632084653139876
0.7899262164123076,-5.825613844122308e-06,8.898837906102372e-07,-4.625896703906709e-06,0.41026124497724814,-0.16056567087230927,3.9703032918784658,0.25186992692612936,0.25186992692612936,0.19788582115346598,0.06305714303249432
0.7897193594383093,-5.78902778297351e-06,8.598146690913857e-07,-4.592176917943731e-06,0.4110788463743216,-0.15862019104503006,3.9698174448766395,0.25190075208384666,0.25190075208384666,0.19809268057127294,0.0629058837237394
0.7895124008676975,5.504589803934095e-06,3.473697775463724e-06,6.140772071921494e-06,0.4118965066576453,0.15664807053155186,3.9693324081082717,0.2519315333624543,0.2519315333624543,0.19829963996770172,0.06275469989608584
0.7892598175390814,5.445764777842249e-06,3.3939923415334238e-06,6.05598514317521e-06,0.4128945302123351,0.15420157878900898,3.9687367394905975,0.2519693458247255,0.2519693458247255,0.19855222623977242,0.06257032894543735
0.7890603154096073,5.397304636991087e-06,3.330105383019667e-06,5.987088841772764e-06,0.41368269096913746,0.15223841651844688,3.9682653038252336,0.25199928014793865,0.25199928014793865,0.19875173066821117,0.062424836608960255
0.7888631100638595,5.347621835247389e-06,3.266139993985507e-06,5.917275353100444e-06,0.4144616716622484,0.15026999170546274,3.9677984755197238,0.2520289289311788,0.2520289289311788,0.1989489382641949,0.06228113403509028
0.7886705462812222,-5.573275053832909e-06,7.056518509316892e-07,-4.400126471854754e-06,0.41522242455243014,-0.14831888736796114,3.9673402224332666,0.2520580398790895,0.2520580398790895,0.19914150573297618,0.06214089951442503
0.7884779752928718,-5.527793147370336e-06,6.771527616671168e-07,-4.360754850183482e-06,0.4159828985875537,-0.1463403608211549,3.966882886658777,0.25208709925950934,0.25208709925950934,0.19933407885680388,0.0620007924232866
0.7882877473376083,-5.480948864325191e-06,6.489811715219313e-07,-4.320512494902402e-06,0.4167340259528084,-0.14435669615201654,3.9664303610376717,0.2521158595958272,0.2521158595958272,0.1995243089010631,0.06186249652783704
0.7880509772964459,5.123295059304658e-06,2.994039156514262e-06,5.610988321447954e-06,0.4176686029469593,0.14184644893741563,3.965867443504842,0.2521516450676547,0.2521516450676547,0.19976108006948456,0.061690536858692746
0.7878660880963757,5.067520785609374e-06,2.9300981272058813e-06,5.536817335891341e-06,0.4183984565503312,0.13985109358673106,3.9654259206102,0.25217972041856224,0.25217972041856224,0.19994597127652747,0.06155635148557381
0.7876858764550065,-5.319511768186139e-06,5.599338731747162e-07,-4.1838200206205896e-06,0.4191099559901868,-0.13787484341815853,3.964993685987853,0.25220721120791806,0.25220721120791806,0.20012618626079548,0.06142563186309968
0.7875035087564773,4.952695432785255e-06,2.802487608722647e-06,5.386266582726399e-06,0.4198295055554524,0.13584546622134624,3.9645580304373933,0.25223492563928346,0.25223492563928346,0.20030855449890506,0.06129349481916335
0.7873281074864019,-5.213378177896118e-06,5.072661898076212e-07,-4.095309673557146e-06,0.42052186198229774,-0.1338599621431364,3.9641361772552743,0.2522617678316968,0.2522617678316968,0.20048395898584181,0.06116644743774191
0.7871072085325481,4.8184559216771675e-06,2.659549394562341e-06,5.213595686444024e-06,0.42139329398514014,0.13131577178648796,3.9636063582568632,0.2522954879000107,0.2522954879000107,0.2007048588868222,0.06100662929886147
0.7869350612079536,4.757128097964992e-06,2.596295047053208e-06,5.13580412636018e-06,0.4220724710011394,0.12929477822025723,3.9631919739136356,0.25232186746999896,0.25232186746999896,0.2008770079946941,0.0608821610224487
0.786765388126177,4.694801867523325e-06,2.5332383811129903e-06,5.057402761010404e-06,0.4227418221996531,0.12726906177128666,3.9627829612347703,0.2523479104917743,0.2523479104917743,0.20104668281918925,0.060759565830176165
0.7865982041500178,4.6314958934989565e-06,2.470399082363224e-06,4.978416389968186e-06,0.42340129284738404,0.12523867676716316,3.9623793837928596,0.2523736127061065,0.2523736127061065,0.20121386849812994,0.0606388507196306
0.7864356985690334,-4.911443146044356e-06,3.780690863484819e-07,-3.847622790437349e-06,0.42404241752307653,-0.12322982763150535,3.9619859826488364,0.2523986718729977,0.2523986718729977,0.20137637697660515,0.06052156505037409
0.7862735180108525,-4.850269615132497e-06,3.5511676283065554e-07,-3.7979960455262805e-06,0.4246820358874747,-0.12119054895489229,3.9615935163826195,0.25242367644853997,0.25242367644853997,0.20153855913919505,0.06040461603994618
0.786072224081271,4.419207781523469e-06,2.267896288180708e-06,4.717964042223927e-06,0.42547567963964417,0.11860836362729948,3.961106052531648,0.2524547403523502,0.2524547403523502,0.2017398538323747,0.060259594531623994
0.7859157819133247,4.351942511989266e-06,2.2061828358647667e-06,4.636760568422401e-06,0.4260925551965013,0.11655877272499841,3.9607262716505747,0.25247894739851956,0.25247894739851956,0.20189629754000793,0.06014694662602027
0.7857619049226384,4.283792914709953e-06,2.144777503415711e-06,4.555097031126818e-06,0.42669926862317076,0.11450481941635919,3.9603522508733127,0.2525027918361267,0.2525027918361267,0.2020501760334964,0.0600362146612895
0.78561060718812,4.214776656312516e-06,2.08369501120732e-06,4.472996257282873e-06,0.42729576755030524,0.11244656616569403,3.95998405030214,0.25252626962568236,0.25252626962568236,0.2022014752344743,0.05992740528152385
0.7854619026448475,4.1449112332831075e-06,2.0229491790599703e-06,4.390480741273169e-06,0.4278820000669766,0.11038407683015827,3.9596217294485614,0.25254937676566025,0.25254937676566025,0.2023501812083922,0.05982052506507962
0.7853178215594071,-4.443308793082232e-06,2.2553165941853946e-07,-3.4708337509693514e-06,0.4284501037781744,-0.10834552150627991,3.9592703818069226,0.25257178812416,0.25257178812416,0.20249426477516919,0.0597170008514728
0.7851388544136371,-4.357098820884535e-06,2.0274781779155394e-07,-3.4019864591473176e-06,0.4291555318312498,-0.10575676160201705,3.9588334022932887,0.25259966722032706,0.25259966722032706,0.2026732335905752,0.059588527686817216
0.7849966876666343,3.912192275729108e-06,1.827999195789911e-06,4.119707072346541e-06,0.4297157352288063,0.10365253007597096,3.9584855014154705,0.25262186754060895,0.25262186754060895,0.20281540059503145,0.059486565836966876
0.7848591560877782,3.838909073411528e-06,1.7688155923067845e-06,4.0356727318317834e-06,0.43025776797141563,0.10157278371296859,3.958148819340852,0.2526433556802266,0.2526433556802266,0.2029529334579484,0.059387956314163826
0.7847261905310342,-4.144115238708782e-06,1.527850626792653e-07,-3.2322713718516446e-06,0.430781893838425,-0.0995183756691392,3.957823552507654,0.2526641187342487,0.2526641187342487,0.20308590126405468,0.059292643163071146
0.7845939703616359,-4.0712882608567176e-06,1.3768661177722393e-07,-3.1743178225279945e-06,0.4313029276552764,-0.09743120878058394,3.9574993382890806,0.2526848179922434,0.2526848179922434,0.20321812263088146,0.05919794290972813
0.7844625955485782,3.6145637393892497e-06,1.5936466761462495e-06,3.7818418226359166e-06,0.43182048950056,0.09531058203331122,3.957176089347708,0.252705458999384,0.252705458999384,0.2033494976517648,0.0591039271776449
0.7843063243900671,-3.904241221625738e-06,1.0673256796379067e-07,-3.0414463327558657e-06,0.4324363381579882,-0.09272157113875848,3.956792952527019,0.2527299285046863,0.2527299285046863,0.2035057711790782,0.05899209410465944
0.7841811147771114,3.4420776893378373e-06,1.4646767339924123e-06,3.5900166666114536e-06,0.43292955723333915,0.09059226162826453,3.956483951964658,0.2527496666588104,0.2527496666588104,0.2036309809751624,0.05890259412398435
0.7840621801320274,-3.7522112672446563e-06,8.290814235609117e-08,-2.9205064055470953e-06,0.4333982313789538,-0.08852011010868031,3.9561923060780675,0.2527682990697033,0.2527682990697033,0.20374991759396277,0.058817561306244714
0.783944213028824,-3.6750020751058922e-06,7.236790365591408e-08,-2.8590523131678997e-06,0.4338629701140886,-0.08641426165552903,3.95590174229675,0.2527868650800744,0.2527868650800744,0.20386788572956194,0.05873329010219186
0.7838273247651935,3.2067992279569564e-06,1.2959494057446046e-06,3.332738456585925e-06,0.4343233500945042,0.08427402179224072,3.955612147318312,0.2528053719012733,0.2528053719012733,0.20398477414670124,0.058649860291841716
0.7836888678576719,-3.498507982262494e-06,5.218571991691975e-08,-2.7184159963657265e-06,0.43486884222802097,-0.08166418759457972,3.9552721019393298,0.2528271062589309,0.2528271062589309,0.2041232331139613,0.05855101600951307
0.7835782931299982,3.0265899514954097e-06,1.1717595395205975e-06,3.1389264874003706e-06,0.4353043180597895,0.07951626563876193,3.9549973555601494,0.252844669692167,0.252844669692167,0.20423380797524637,0.058472174108427644
0.783472138059294,2.945514183523838e-06,1.1171756007561007e-06,3.0526159000366616e-06,0.435722447413405,0.07739677409019738,3.9547350384015703,0.25286144085247775,0.25286144085247775,0.20433996397353382,0.05839648461406499
0.7833703045474754,-3.2575601016058424e-06,3.345225933487005e-08,-2.525883879745171e-06,0.43612360315146764,-0.07530663259523565,3.954485414266324,0.25287740255467095,0.25287740255467095,0.2044417991452856,0.05832387167855346
0.7832697229970337,-3.1759048975811263e-06,2.9453074300359388e-08,-2.4604481536333637e-06,0.4365197417691597,-0.07318174108143359,3.9542368230411156,0.2528933002123333,0.2528933002123333,0.2045423815459423,0.05825221310076689
0.7831719618726027,-3.093615286496281e-06,2.66576882709858e-08,-2.3943877792573584e-06,0.43690475677157253,-0.07105417854620688,3.9539951401421725,0.2529087579920605,0.2529087579920605,0.2046401434927858,0.0581825907324095
0.7830523455118964,2.5945755761122433e-06,8.887855286042905e-07,2.685124413631347e-06,0.4373757776704332,0.0683579503935223,3.953696646067192,0.25292785196221784,0.25292785196221784,0.20475976014904207,0.0580974765277511
0.7829610063592171,2.5105732763675333e-06,8.35702548920936e-07,2.5985976443857366e-06,0.43773547499355125,0.06622450578709928,3.953470601835496,0.25294231340324763,0.25294231340324763,0.20485110008345586,0.05803248212113121
0.7828738360646478,-2.8220453031738717e-06,2.664448076805706e-08,-2.1753887306344518e-06,0.4380787760034349,-0.06412263719330603,3.9532580569482105,0.2529559127167044,0.2529559127167044,0.20493827178599877,0.05797043604359298
0.7827881703141323,-2.7372918769264984e-06,2.9722776232169774e-08,-2.1066766069657655e-06,0.43841609915461993,-0.06198514439383281,3.9530463703021965,0.25296945857064496,0.25296945857064496,0.20502393824488596,0.05790951786900367
0.7827053745964794,-2.6520126259287544e-06,3.442599382838584e-08,-2.037333130795597e-06,0.43874210786920675,-0.05984570660617402,3.95284190603618,0.25298254364105777,0.25298254364105777,0.2051067346450941,0.05785065871622075
0.7826254574802037,-2.566227725759388e-06,4.088363424960695e-08,-1.96735082388054e-06,0.4390567688281401,-0.05770450444509593,3.9526447364734927,0.2529951631555406,0.2529951631555406,0.20518665241853373,0.05779386239008788
0.7825284841828853,2.0612467032608217e-06,5.574080640453148e-07,2.145063144506462e-06,0.4394385631660717,0.05499032689978482,3.9524015561824815,0.253010729245303,0.253010729245303,0.20528362593579175,0.05772501056656343
0.7824551172915698,1.974132011306394e-06,5.03595566475131e-07,2.058975788873078e-06,0.4397274112245548,0.052845462947919544,3.9522208907265926,0.25302229496999495,0.25302229496999495,0.20535699344896574,0.05767290149399307
0.782385704798847,-2.284174488498993e-06,7.613919500393296e-08,-1.7353326478506206e-06,0.4400006631086493,-0.05073607862976378,3.9520553601875643,0.253032892725607,0.253032892725607,0.20542640706623028,0.05762356236342259
