x,y,z,vx,vy,vz,period,occult_freqs_then_occult_amps
0.4074054613801305,-0.009344024555781752,-1.0002105223436687e-25,0.016554746292725336,1.4750779322804897,-1.4055510386128494e-24,7.418120031138673,0.13480504437813756,0.13480504437813756,0.5803565664865189,0.006407920445965276
0.4117046468044924,-0.0069640120116103,6.679380516929249e-26,0.012354262922132245,1.458921551236502,-2.144562161542743e-25,7.422859035224903,0.13471898028165927,0.13471898028165927,0.5760841450729337,0.006489192295974222
0.4147254493849211,-0.005884122025140018,-3.867008204755071e-26,0.010411495975508828,1.4476003866974143,-2.655258562431395e-25,7.424559976903569,0.13468811661712138,0.13468811661712138,0.5730734581601229,0.006543201053061054
0.41735484620787655,-0.005186946979214616,-1.501222792566706e-27,0.009174626025352696,1.437788916358709,8.38807569411988e-25,7.425342074791769,0.13467393016072507,0.13467393016072507,0.57044968000565,0.006601899336410866
0.419821737716483,-0.004664194054721591,-2.0318926567014726e-25,0.008215735019010484,1.4286326284625364,-2.55997311644625e-24,7.425590981285826,0.13466941587817413,0.13466941587817413,0.5679868122973452,0.006649727630544056
0.4223079753820377,-0.004210011055998689,2.266812279391788e-26,0.007368062226569511,1.4194556705232457,5.181983821344097e-25,7.42554480305851,0.1346702533648588,0.1346702533648588,0.56550390193204,0.0066951509377730645
0.42435688629839585,-0.003967274673477451,-5.667340333532838e-26,0.006946170481689162,1.4119227423941971,4.5464334796037915e-26,7.425085249682775,0.13467858837617028,0.13467858837617028,0.5634563776029389,0.006752951231767779
0.4268668775728006,-0.003602071191247924,-3.018838782004433e-26,0.00624892025758459,1.4027550385818948,5.3171707377402285e-25,7.4245805353924075,0.13468774366889502,0.13468774366889502,0.560948889362292,0.0067963730718839654
0.42893188238385466,-0.0034281281913980345,-1.1057766052908957e-25,0.005936769303913116,1.395243781622343,-1.6139503559657375e-25,7.423735762139286,0.1347030702655063,0.1347030702655063,0.5588847946151838,0.006852632201610698
0.43146498402598926,-0.0031044122268883445,-2.2056525831332034e-25,0.005315782389053914,1.386091337373943,-8.856715304240974e-25,7.422908818013376,0.13471807676975267,0.13471807676975267,0.5563537697158696,0.006895881570694096
0.43335314948099224,-0.0029863138349906894,-4.140997563404158e-26,0.005099367103337191,1.3792959000088285,1.0580036400809751e-25,7.421855050283942,0.13473720427371355,0.13473720427371355,0.5544661671277501,0.006946897762244331
0.43543794701504346,-0.0028654889224447263,4.366058633094896e-26,0.00487424970871765,1.3718282367823391,2.2521728095353824e-25,7.4205885738717665,0.13476019995516877,0.13476019995516877,0.5523819505820264,0.007002949549103188
0.43799618294682574,-0.0025780608329153106,5.257287762990539e-27,0.004327802290067112,1.3627257510567732,2.4268748396974064e-25,7.419348184366916,0.1347827295808909,0.1347827295808909,0.5498254076837672,0.007047486215442045
0.4400908207812818,-0.002485035507873794,6.055324372944894e-26,0.004152400197601666,1.3553040217715555,6.223616947126113e-25,7.417802687285329,0.13481081152429075,0.13481081152429075,0.5477311764086221,0.007104343839046123
0.44200071466636953,-0.0024051676037562214,-1.21970846019506e-25,0.0040001105900937285,1.3485686518781983,-2.3870730403164035e-25,7.4163064681377975,0.13483800922955866,0.13483800922955866,0.5458216345921872,0.00715628790022016
0.44458300817029817,-0.002130384321382006,-5.514935574023158e-26,0.003491213061758038,1.3395205113574506,-1.7488584283535735e-25,7.4147057074843215,0.13486711940443047,0.13486711940443047,0.5432408128124443,0.007203030528662113
0.44669252345597404,-0.0020615400482817225,9.215055736014986e-26,0.0033593550660719392,1.3321597146634734,6.4744512816549895e-25,7.41280120359779,0.13490176959212824,0.13490176959212824,0.5411315722050797,0.007261419120704549
0.4486151253175245,-0.0020017582634143396,1.068624248711978e-25,0.003244014839919172,1.3254823419467423,9.531944389197621e-25,7.410980142314981,0.13493491829646548,0.13493491829646548,0.5392092110763023,0.007314930889611104
0.4507351752879274,-0.0019388483045999173,6.54486338259585e-26,0.0031218999592156275,1.3181533839512238,-1.6298524638964863e-25,7.40887727285758,0.13497321701676715,0.13497321701676715,0.5370894163062295,0.007374308970258925
0.4533424112784598,-0.0016764931562078176,-3.0528613686401894e-26,0.002656683221906572,1.3091992638219978,-1.3220852851142347e-25,7.406775490679098,0.13501151766493114,0.13501151766493114,0.5344834262507836,0.0074248332016370044
0.4552766857394057,-0.0016314633573760657,1.0872860599817377e-25,0.002569566254178132,1.3025824412045937,2.096109442354234e-25,7.4046315784200205,0.13505060844814878,0.13505060844814878,0.5325493166924237,0.0074802699771855385
0.4574090062539841,-0.001583688416176929,1.8561395188155947e-25,0.0024768436817550745,1.2953216375983105,4.097863333147362e-25,7.4021720860085605,0.1350954812155989,0.1350954812155989,0.5304171725668778,0.007541880611167895
0.4593515830664995,-0.0015417586431987049,7.60107328744062e-27,0.0023952775989320167,1.2887372225046319,3.2370562086318257e-26,7.3998429368989775,0.13513800340457846,0.13513800340457846,0.5284747515931654,0.007598486757309009
0.46129798035383235,-0.001501175148369421,-8.959249007681146e-27,0.002316219384852078,1.2821685451690095,-3.1429924216428354e-25,7.397423752366877,0.13518219767794704,0.13518219767794704,0.5265285058927471,0.007655682404064668
0.4641248199741071,-0.0012458881963378398,-5.328382118596163e-26,0.0018890677968286976,1.2726889418663014,-1.5773916676123232e-25,7.394422881107313,0.1352370585343437,0.1352370585343437,0.5237027166758345,0.007717383546541723
0.46607738242093244,-0.001214384026007745,-1.8934777268492097e-25,0.0018283959373489385,1.2661687188779442,-5.904673695298516e-25,7.391759808757964,0.13528578117692244,0.13528578117692244,0.5217502604687227,0.007776326655901
0.46822919003768354,-0.0011807049031926772,6.66272665845733e-26,0.0017635813503113196,1.2590155895091846,3.5628243047121465e-26,7.388722978382075,0.1353413848273646,0.1353413848273646,0.5195985670658343,0.007841923661801142
0.4701889296511039,-0.001150932200085237,1.4660539705464974e-25,0.001706362550111186,1.252530257183139,-7.290994000463981e-26,7.385863042537608,0.1353937913877731,0.1353937913877731,0.5176389288515364,0.007902265576966605
0.4728404760405004,-0.0008975033919526186,-3.852840211260766e-26,0.0013077997972795411,1.2438091345173605,-1.8223846969093586e-25,7.382581236472548,0.13545397848921029,0.13545397848921029,0.5149882873651486,0.007962989615603933
0.4750020868249541,-0.0008732703539275995,1.0115012883393963e-25,0.0012620079656803082,1.236728441793817,1.4385236377516019e-25,7.3791599550960685,0.13551678051231256,0.13551678051231256,0.5128267513946152,0.008031425264722114
0.47697039725649754,-0.0008517585545673828,6.990132359733416e-26,0.0012214845032688102,1.2303096190066503,1.8866928665264387e-25,7.375946490723792,0.13557582084653536,0.13557582084653536,0.510858507627614,0.008094407562550199
0.47913899118349557,-0.0008286436707280286,3.877771877031247e-26,0.0011780998207469632,1.2232690145658527,-1.093900308414954e-25,7.372296274812387,0.1356429479667715,0.1356429479667715,0.5086899855036546,0.008164550615383903
0.4811135098202959,-0.0008081102077522533,4.8982713428765413e-26,0.0011397201934480905,1.2168868362285417,-6.994129566941991e-26,7.368871303281369,0.13570599333912894,0.13570599333912894,0.5067155307190941,0.008229116631594313
0.48378396203581264,-0.0005597498388457121,-1.9742871478513626e-25,0.0007757647216305745,1.2083068241935628,-6.368108266525117e-25,7.364849048316957,0.13578010811077298,0.13578010811077298,0.5040458341781628,0.008296292407919403
0.48596081220160603,-0.0005446990703700258,4.8152607763983453e-26,0.0007482486572240598,1.2013409275229312,3.907933627589393e-27,7.360787955076687,0.1358550206992862,0.1358550206992862,0.5018690275627304,0.00836957306015107
0.4879425106609788,-0.0005312904713185732,-3.7687330594440176e-26,0.0007238688734981255,1.1950272225191558,-1.2355421533841526e-25,7.356984667967246,0.13592525268593533,0.13592525268593533,0.4998873678092885,0.008437045183141922
0.4901253197330852,-0.0005168337383885618,-2.952050095253303e-26,0.0006977382059856806,1.1881030641176031,1.332515151981982e-25,7.352676477759256,0.1360048960436176,0.1360048960436176,0.4977046003038044,0.008512219858668013
0.4928103458618216,-0.0002680150887587879,8.464337423628261e-26,0.0003555218836856922,1.1796377493778472,1.766773596926388e-25,7.348014917654384,0.13609117716914185,0.13609117716914185,0.495020217532086,0.008585033260103403
0.49479841136182,-0.00026140508990931755,-1.01584008212431e-27,0.000343873019742604,1.1733934561811292,-1.2379511828288628e-25,7.343815571786974,0.13616899692330775,0.13616899692330775,0.4930321719633503,0.008655563638362285
0.4969878602546344,-0.00025426345881394123,2.4552552676481117e-25,0.00033137461746322807,1.1665462410921554,5.816350103524356e-25,7.339065897603161,0.13625712235757229,0.13625712235757229,0.49084274421309027,0.008734159735901192
0.4989805406021419,-0.0002478863482513057,8.640541437685056e-26,0.00032029557790340233,1.1603411340135752,1.1916758391360831e-25,7.334627552633923,0.13633957454879791,0.13633957454879791,0.48885008235452215,0.008806545782127584
0.5011749076738068,-0.0002409957983939835,1.0583123436397393e-25,0.00030841594582703007,1.153537207644912,5.491070142361939e-25,7.329610656192697,0.13643289485712484,0.13643289485712484,0.4866557347934267,0.008887215568913032
0.5031719136248827,-0.00023484248769961924,5.1004368633482406e-26,0.0002978918988128942,1.1473716236143032,-4.144901112053067e-26,7.324925395062731,0.13652016178540696,0.13652016178540696,0.48465874580819523,0.008961516647472134
0.5051708757007966,-0.0002287927575578805,6.28788215167416e-26,0.00028762668723892985,1.1412249814066997,4.450510119858756e-26,7.320119705063369,0.136609787857471,0.136609787857471,0.4826597999464737,0.009036750940473404
0.507371912180139,-0.00022225550576434537,-3.794113501448526e-26,0.0002766296004733115,1.1344856480864387,3.184860372324747e-25,7.314692114534288,0.1367111539818608,0.1367111539818608,0.4804587804153647,0.009120603199641364
0.5093747599739916,-0.00021641741568124108,3.147538455994486e-26,0.00026689612308392394,1.128379044932252,6.499550260235528e-26,7.309627396990641,0.1368058788347677,0.1368058788347677,0.47845594720549345,0.009197842909592024
0.5113793506237803,-0.000210677451106956,-1.0910755012029172e-25,0.0002574101096514471,1.1222916349171568,-3.5566336477293134e-25,7.304436361540274,0.13690310251250265,0.13690310251250265,0.47645137033995455,0.009276059696841643
0.5135863292031885,-0.00020447488950244206,1.0007496181430189e-25,0.00024725682415190244,1.1156177517647086,1.7816192092185522e-25,7.298577994904638,0.13701299084535792,0.13701299084535792,0.47424440598230866,0.009363244017439598
0.5155943494539056,-0.00019893577954175124,-7.35300763660939e-26,0.00023827819883669008,1.1095709209168096,-3.8903625558266528e-25,7.293115307556096,0.13711561628045854,0.13711561628045854,0.4722363977899239,0.009443560139737128
0.5178049263933399,-0.0001929504602226037,-5.655727402954052e-26,0.0002286738000103323,1.1029418825330695,-1.8659769420958507e-25,7.286953290837056,0.13723156442589596,0.13723156442589596,0.47002583314034074,0.009533089661868055
0.5198160575279515,-0.00018760561949232992,-1.093781778719353e-25,0.00022018571516161774,1.0969360115011435,-5.945095400045034e-25,7.281210105861017,0.13733980828201195,0.13733980828201195,0.4680147122782544,0.009615570894581205
0.5218285556348101,-0.00018235113261587312,-1.7434312916466786e-25,0.0002119252585922429,1.0909497825839898,-2.089611977457455e-25,7.2753301726309365,0.13745080652997713,0.13745080652997713,0.46600222357338805,0.009699106782465328
0.5240437927977789,-0.0001766739911137224,-1.4668779624520434e-26,0.00020309706648087602,1.084387725591475,3.836709359541896e-26,7.268701812322721,0.13757614850903466,0.13757614850903466,0.46378699573208615,0.009792232937736789
0.5260589161186038,-0.0001716050421320307,3.215597840940299e-26,0.00019530208440302196,1.0784430417511313,1.1409131892721433e-25,7.262527889821306,0.13769310289348918,0.13769310289348918,0.46177187994431557,0.009878034432748817
0.5282768553387233,-0.00016612902091423605,8.880074201344646e-26,0.0001869765805605477,1.071926909716428,6.316507451378001e-26,7.255570985847734,0.1378251280223897,0.1378251280223897,0.4595539479602221,0.009973691264765772
0.5302942640694258,-0.00016124032971143285,-5.86817239950958e-26,0.00017963012372284389,1.0660241841491893,-3.0881660485626683e-25,7.24909364296105,0.13794828005443288,0.13794828005443288,0.45753654483983075,0.010061828883049406
0.5323126390138724,-0.00015643576214095775,-2.2245925400307333e-25,0.0001724913304414306,1.0601415880461968,-2.4979949167799766e-25,7.242468431936494,0.13807447134879947,0.13807447134879947,0.45551817457157506,0.01015110432544819
0.5345338717421827,-0.0001512466670299736,6.13537522644078e-26,0.00016487398388495743,1.053694099473123,1.8243140288560227e-25,7.235007266678442,0.1382168618690407,0.1382168618690407,0.45329694589405845,0.010250641428918184
0.5365540136085357,-0.00014661545106018053,1.167237936361034e-25,0.0001581589700018289,1.04785409779727,2.824983257046006e-25,7.228064290645781,0.1383496272015943,0.1383496272015943,0.45127680670383197,0.010342360920902571
0.5387769915131816,-0.00014161472571639467,5.613228581284951e-26,0.0001509986876137224,1.0414537082664659,-6.445813243280916e-26,7.220248116032902,0.1384993955788656,0.1384993955788656,0.4490538306213945,0.010444627887879698
0.5407985370470384,-0.00013715276161448904,-5.147497273926903e-26,0.00014469099142074435,1.0356567505853929,2.537053721252202e-25,7.2129773792334255,0.13863900403723117,0.13863900403723117,0.44703228571177445,0.01053886727884179
0.5428206203728138,-0.00013277008468600546,5.186891048795514e-26,0.00013857155940649052,1.0298804525999607,1.547272320795673e-25,7.205546989597218,0.13878196914734142,0.13878196914734142,0.4450102020149026,0.010634333952521113
0.5450454307187536,-0.0001280397885058521,-3.0107024429848556e-25,0.00013205330622202327,1.0235505148218922,-5.468301775974083e-25,7.1971863705322106,0.1389431853667634,0.1389431853667634,0.44278539009700935,0.010740786279367809
0.5470683626686416,-0.00012382113694208065,2.451337081343503e-25,0.00012631748357482876,1.0178179534238114,4.431822162669839e-25,7.189413072498882,0.13909341276066392,0.13909341276066392,0.440762455647181,0.010838889107451344
0.5492938938290961,-0.00011926956272787959,8.755262307404464e-27,0.00012021257297369167,1.0115363929049919,-3.037520226575273e-25,7.18066949914514,0.13926278045787377,0.13926278045787377,0.43853692054396853,0.010948285855130746
0.551317284977379,-0.00011521194141219736,-2.80448509060972e-25,0.00011484477336327143,1.0058480577348434,-8.474683786202334e-25,7.172542781351723,0.13942056959213314,0.13942056959213314,0.4365135247137635,0.01104910664562686
0.5533407546196326,-0.00011123007420983903,1.1954166402716786e-26,0.00010964686686270216,1.0001809597425337,-2.4254598461661362e-26,7.164244019390531,0.1395820685746367,0.1395820685746367,0.4344900493315066,0.011151251204377655
0.5555665518424804,-0.00010693687896518302,-8.50176703848443e-26,0.0001041213513545949,0.9939718203879674,-5.326636673393708e-26,7.154913751886223,0.13976408866373458,0.13976408866373458,0.43226424455762935,0.011265162362930958
0.5575898847451621,-0.00010311240813095724,1.2053080793259503e-25,9.926924416918184e-05,0.9883497030706676,2.3739158807344966e-25,7.146245718312399,0.13993361541396201,0.13993361541396201,0.4302409036520055,0.01137015041153111
0.5596130061191198,-9.936218044061994e-05,1.0724215285708619e-26,9.457668050649813e-05,0.9827491914528036,5.641844470616746e-27,7.137398005138209,0.14010708093903415,0.14010708093903415,0.4282177731775826,0.011476523405889671
0.5618380803068375,-9.532221114459063e-05,3.732442233464293e-26,8.959527540992983e-05,0.9766137300450735,6.940476843570279e-26,7.127455010767854,0.14030253414286625,0.14030253414286625,0.42599268769597876,0.011595157611015261
0.5638604422487278,-9.172666136908708e-05,1.370834606000862e-25,8.52272861563248e-05,0.9710589929880865,1.1676810519646897e-25,7.118221827520623,0.14048452327430686,0.14048452327430686,0.4239703143056457,0.011704505607440518
0.5660844419723233,-8.785604835633641e-05,4.701953258399262e-26,8.059525840088044e-05,0.9649741896358831,1.5421297643294067e-25,7.107848708186578,0.14068954490382357,0.14068954490382357,0.4217463006724903,0.011826462877964294
0.5681056064477554,-8.441383934377864e-05,-1.1900314934862184e-25,7.653804429843623e-05,0.9594657883159549,-1.6559800830081767e-25,7.098218922202983,0.14088041112285712,0.14088041112285712,0.4197251223402003,0.011938878535371567
0.570126042746679,-8.104429373730853e-05,-7.835570887742752e-26,7.262410437866035e-05,0.9539796545256204,7.86174565522981e-25,7.088396335777618,0.14107563299651432,0.14107563299651432,0.4177046710155604,0.012052788417442506
0.5723475574418739,-7.7421513257638e-05,5.0424285693021594e-26,6.848070573008251e-05,0.9479707861520777,9.636113393562217e-26,7.077365757090507,0.1412955094200329,0.1412955094200329,0.4154831384246115,0.01217984141004913
0.5743661240991326,-7.420404137166255e-05,-1.0294336129841582e-25,6.485802158174519e-05,0.9425318524229491,-1.2366928160833037e-25,7.067129967364454,0.1415001570111113,0.1415001570111113,0.4134645542391474,0.012296961245432447
0.5765853237306264,-7.074826895020859e-05,-5.462160143112e-26,6.1027975312833856e-05,0.9365752371728991,-7.348010928349002e-25,7.0556386486061315,0.14173061430768621,0.14173061430768621,0.41124533392255547,0.012427599897175678
0.5786015470564329,-6.768245805523214e-05,1.1880873439602568e-25,5.768387253620935e-05,0.9311841141366012,2.1471920853033784e-25,7.044978346533563,0.14194507787125332,0.14194507787125332,0.4092290904987588,0.012548029941121697
0.5806164834976862,-6.468881615891407e-05,-8.903842530892976e-27,5.4468094042002315e-05,0.9258159787503372,3.0785651787726293e-25,7.034111917839785,0.14216435730341714,0.14216435730341714,0.40721413271126994,0.012670072441996583
0.582831292654135,-6.147917884594893e-05,-1.2025199639333301e-26,5.1075682343284e-05,0.919937754243937,4.935544713954675e-26,7.021917711164655,0.14241123880019665,0.14241123880019665,0.4049992986127986,0.01280621001420501
0.5848431576123577,-5.863716021619144e-05,-5.112935520762246e-26,4.812051141241826e-05,0.9146183691539719,7.096346056073084e-26,7.010610080568286,0.14264093830746027,0.14264093830746027,0.402987409633624,0.012931716616681022
0.5870543078042146,-5.559443811236754e-05,-1.8542549417855713e-25,4.500826911102444e-05,0.9087941316234351,2.6244453429023376e-25,6.997924360634118,0.14289951540850676,0.14289951540850676,0.40077623151675446,0.013071723835244575
0.5890625873565875,-5.29043306962789e-05,-3.877374450119414e-26,4.230196840855017e-05,0.9035241596231531,-2.6886491701609846e-25,6.986164294245419,0.14314006339984175,0.14314006339984175,0.39876792519375914,0.01320080287808545
0.591068973886603,-5.028671625606145e-05,9.689791634414017e-26,3.971013778441017e-05,0.8982779567941969,-2.5377993396202905e-25,6.9741848667543245,0.14338593242157405,0.14338593242157405,0.39676151055651443,0.013331622134858612
0.593273666434235,-4.7491210787903364e-05,4.282755781740239e-26,3.69882713541448e-05,0.892534774993965,-4.239177885111597e-25,6.960751147859404,0.14366265633666903,0.14366265633666903,0.3945567855256371,0.013477563940692439
0.5952756767116407,-4.5026223131365576e-05,-1.5819177484525461e-25,3.46284937699413e-05,0.8873390024187393,2.0981870087401325e-25,6.94830294050782,0.14392003465624867,0.14392003465624867,0.39255474427509873,0.013612121718212244
0.5974752507873886,-4.2398910185452286e-05,9.707110498745791e-26,3.2155737614042206e-05,0.8816516841975565,-2.907700341944747e-25,6.9343475793837595,0.14420967344830843,0.14420967344830843,0.3903551345187103,0.013762239629518391
0.5994723264268937,-4.008709502650542e-05,-3.972523261053706e-26,3.0016872521109205e-05,0.8765070564374726,-3.173168962199066e-25,6.9214197724363125,0.14447902784084485,0.14447902784084485,0.3883580249578623,0.013900652645250533
0.6014668505527365,-3.7848390934393e-05,1.485450163525467e-26,2.7979325525185723e-05,0.8713870401495684,6.725551733636447e-25,6.908259861364533,0.14475425361351102,0.14475425361351102,0.3863634654770789,0.014040943504102121
0.6036577214136195,-3.5470362074045094e-05,-4.344150892772704e-26,2.5852073656208122e-05,0.8657836494732205,1.3720124267432677e-24,6.89351307091514,0.14506391584563227,0.14506391584563227,0.3841725540466685,0.014197465324057634
0.6056464523421752,-3.3385438978571734e-05,5.925642283908983e-26,2.4019189983654756e-05,0.8607158674228724,2.294908798868103e-25,6.879858128126013,0.1453518344966784,0.1453518344966784,0.38218378468885705,0.014341789974670838
0.607632213168329,-3.1373795130700024e-05,1.3748768009707232e-25,2.227990691041762e-05,0.8556732244217942,-1.677543416190956e-25,6.8659639210590875,0.14564597360216658,0.14564597360216658,0.3801979839386753,0.014488079274804222
0.6098129534931318,-2.9245591851307216e-05,2.083319370424578e-26,2.0471826239606458e-05,0.8501555596924399,-7.250239808748239e-26,6.850401300824027,0.14597684954306417,0.14597684954306417,0.37801719794695565,0.014651301017145513
0.6117920218987712,-2.7387685946902073e-05,-1.0727215615784728e-26,1.8920973706125686e-05,0.8451662744929692,-8.087724424178984e-25,6.835997492048641,0.14628443049652373,0.14628443049652373,0.37603808641258407,0.014801810157082707
0.6139650556975187,-2.542831345285964e-05,-1.3327877960722674e-25,1.7314079438395407e-05,0.8397077281408788,5.109580493081932e-26,6.81986914754449,0.14663037931747597,0.14663037931747597,0.3738650033724149,0.0149697449316466
0.6159368004507234,-2.3723480331312766e-05,-4.038805767979109e-26,1.594055774131521e-05,0.8347725748387874,-3.411240576247836e-25,6.804946487338196,0.14695192708137772,0.14695192708137772,0.37189321219587823,0.015124604243699769
0.6179048310983475,-2.2091104922346435e-05,-2.3217346928816907e-25,1.4647536882195267e-05,0.8298634720789925,-3.717080394799749e-25,6.789773673568308,0.1472803142014686,0.1472803142014686,0.3699251335242879,0.01528158189979123
0.6200651977916836,-2.0378699711346708e-05,1.0834735237418624e-25,1.331512372373161e-05,0.8244937578736656,2.7039737894723096e-25,6.77279239395113,0.14764958702899458,0.14764958702899458,0.36776471213137774,0.015456740718644002
0.6220249438417406,-1.889706376514573e-05,-1.1850452108940582e-25,1.2182763899972578e-05,0.819639934531785,2.4538002177786197e-25,6.757088185156248,0.147992740748414,0.147992740748414,0.3658049146292941,0.015618267459811652
0.6241758319705253,-1.7349109936769485e-05,5.823056682931293e-26,1.102076543135504e-05,0.8143314524021285,5.163938084669638e-25,6.73951807197023,0.14837856198635582,0.14837856198635582,0.36365396798048855,0.015798506402832424
0.6261266260855266,-1.6015484778916376e-05,1.046396560702365e-25,1.003754037892519e-05,0.8095336775096462,-1.0332704280112225e-24,6.723274835729568,0.1487370402717571,0.1487370402717571,0.3617031188954668,0.015964721601219867
0.6280729199274849,-1.4751070881399276e-05,-2.936992639248396e-26,9.121225303177773e-06,0.8047628577432185,2.163354541838753e-25,6.706772461622011,0.14910301575344534,0.14910301575344534,0.3597567683769609,0.01613321953833613
0.6302084612392422,-1.3438969578493228e-05,-8.43958265207086e-26,8.187365934987188e-06,0.7995462889379176,-3.1819654436541993e-25,6.688318800750668,0.1495144041112042,0.1495144041112042,0.3576211627261562,0.016321243200003943
0.632144801901957,-1.231652328754947e-05,9.659047491968635e-29,7.402835792625379e-06,0.7948326157511736,-2.2302988689836435e-25,6.671267580989015,0.14989655082186795,0.14989655082186795,0.35568476173848607,0.016494642795070624
0.6342690191619329,-1.1157684768180664e-05,1.0196370619262157e-25,6.607397899391205e-06,0.7896792996093009,3.4360385479073464e-25,6.652206998004599,0.15032604973055722,0.15032604973055722,0.35356047607865315,0.016688140159137443
0.6361947236762284,-1.0171628479261241e-05,2.9476056026039657e-27,5.942737566196705e-06,0.7850234739622083,4.423110808729452e-25,6.634601350003412,0.15072495651897544,0.15072495651897544,0.35163470750508585,0.016866591490840466
0.638115123718031,-9.248203683586228e-06,-3.3319839331642768e-25,5.330956751643953e-06,0.7803954269472031,1.3954993698912766e-25,6.616729991505013,0.15113205484942938,0.15113205484942938,0.3497142415962753,0.01704750265380417
0.6402212535753976,-8.302776721787441e-06,-1.0411742174171353e-25,4.715843459356785e-06,0.7753368275853401,-7.918025380941414e-26,6.596763463752769,0.15158948861736504,0.15158948861736504,0.3476080371750421,0.017249388824173484
0.642130014810019,-7.505287729993831e-06,-4.3707699078706546e-26,4.206315705998773e-06,0.7707675656592474,3.3818345518656296e-25,6.578331125424224,0.15201423901195182,0.15201423901195182,0.3456992062168782,0.017435583065620985
0.6442229731737079,-6.6938657073951135e-06,7.921473731019696e-26,3.6971760971746895e-06,0.7657739420729144,-5.04022879074755e-25,6.557745600708476,0.15249142935522897,0.15249142935522897,0.3436061690030793,0.01764337016708395
0.6461194283958813,-6.013827303634099e-06,-8.686466124591956e-26,3.2781303589084892e-06,0.7612640130313213,9.567805533289893e-26,6.538749032698496,0.15293445198757033,0.15293445198757033,0.3417096401213984,0.01783501199408377
0.6480097936944957,-5.386448743277992e-06,1.2218162731574515e-25,2.8981166123333485e-06,0.7567825053445014,1.4430928091898171e-24,6.519482925273933,0.15338639758121345,0.15338639758121345,0.3398191992618612,0.018029307843788533
0.6500819882456019,-4.754487104459419e-06,-2.9609289945369154e-26,2.5221341955281196e-06,0.7518857852509877,6.60844575185129e-25,6.497978404122398,0.15389401715548756,0.15389401715548756,0.3377469193771415,0.018246146279484732
0.6519590945910725,-4.2303369481037935e-06,7.931068382548924e-26,2.2158341164920255e-06,0.7474642544092222,-9.25996350609798e-25,6.478145059186411,0.15436517565810573,0.15436517565810573,0.33586973342221804,0.01844614647120424
0.6538296689849509,-3.7516970744068377e-06,-1.859659494656384e-26,1.940830489137426e-06,0.7430713982552384,1.2376468239944854e-24,6.458041251621736,0.1548457126607671,0.1548457126607671,0.3339990774650261,0.018648927442152186
0.6558795934506758,-3.2748692968202004e-06,8.064946956991293e-26,1.671660964422326e-06,0.7382724430011167,-1.1177599128256663e-24,6.435614584651481,0.15538531508473713,0.15538531508473713,0.3319490610032231,0.018875249702974828
0.6577360100027135,-2.8838915928192007e-06,1.5844317469256997e-25,1.4547971196634028e-06,0.733939972400251,-3.516013445267139e-25,6.414942664469096,0.15588603862958464,0.15588603862958464,0.330092558731112,0.019084011767285247
0.6597700425135852,-2.4975341446611156e-06,9.648107966582878e-26,1.2441756138586257e-06,0.7292075273075241,-4.721918727954257e-25,6.39189127559433,0.15644821804435624,0.15644821804435624,0.32805842961206577,0.019317022169279885
0.6616117307205195,-2.1833759259314524e-06,3.586807372407765e-26,1.0758287818898026e-06,0.7249355669481719,5.083307071291792e-25,6.370651845139657,0.15696980847618083,0.15696980847618083,0.32621665145632295,0.019531966301343795
0.663446215012631,-1.9020084575367568e-06,-6.309714805076131e-26,9.274586212778265e-07,0.7206924265332636,1.7270131341292755e-25,6.349142658841239,0.15750157993496822,0.15750157993496822,0.32438207517648066,0.019749928488174362
0.6654556871934263,-1.6275122763831305e-06,4.259237010281956e-26,7.850872717949819e-07,0.7160582388444757,-1.081225961015895e-24,6.32517152903566,0.15809847929174828,0.15809847929174828,0.3223724994347079,0.019993232291069085
0.6672746659561685,-1.407247228440006e-06,-1.7710419377244297e-25,6.726858006368105e-07,0.7118755482498034,4.745071073007672e-25,6.303097447971943,0.15865215606364386,0.15865215606364386,0.3205534243491409,0.02021769649878724
0.6692668130866665,-1.194349719901041e-06,1.754896784941022e-25,5.657426494495184e-07,0.7073077568893433,7.586844060767765e-26,6.278506414772714,0.1592735491433277,0.1592735491433277,0.3185611688488986,0.020468279453829785
0.6710698068224163,-1.025140724376359e-06,3.2014625539361524e-25,4.820379763592227e-07,0.7031853021261096,-6.562251118644022e-25,6.255870356594361,0.15984985989134068,0.15984985989134068,0.31675807438178527,0.020699480233338008
0.6728650313968392,-8.769263629349077e-07,9.03290971195842e-26,4.0974014653840004e-07,0.6990914144821222,-1.5226726612765933e-24,6.232967979848402,0.16043721117019472,0.16043721117019472,0.31496274695028914,0.020933975941548666
0.6748306909461349,-7.357426677777488e-07,1.1417826297051946e-25,3.418309782495827e-07,0.6946210175766677,-1.8152534591824748e-25,6.20746892211015,0.16109625558303445,0.16109625558303445,0.31299697178221686,0.02119579691688034
0.6766092937199326,-6.251976733290876e-07,8.28297580990472e-26,2.893629410594814e-07,0.6905867886082127,-4.057258353905074e-26,6.184010532861683,0.1617073571731523,0.1617073571731523,0.3112182616302541,0.021437405168921564
0.678556453040171,-5.209854432383583e-07,-3.7504300265632774e-26,2.405082877502486e-07,0.6861817230128167,-2.6686484334476364e-25,6.157902572699881,0.1623929557497949,0.1623929557497949,0.3092709816744623,0.02170719967579282
0.6803180500797488,-4.402507815866541e-07,2.1026784147969692e-25,2.0308983634036356e-07,0.6822065844750244,-9.388803445365115e-25,6.133893319529079,0.16302859340839881,0.16302859340839881,0.30750927265553674,0.021956197358635854
0.6820714249333355,-3.712615800884349e-07,8.855314285351946e-27,1.714267460237393e-07,0.6782593433022873,-8.836915465619322e-25,6.1096238173001085,0.16367619838857903,0.16367619838857903,0.30575578360234157,0.022208816769031747
0.6839905513742869,-3.072513801898292e-07,1.863881748459381e-27,1.4231174950549383e-07,0.6739493887241894,-8.258777406087151e-25,6.082628527482309,0.1644026090828721,0.1644026090828721,0.3038365289542081,0.022490964166952176
0.6857264202622102,-2.584564857069521e-07,-8.359389156831786e-26,1.2028712674380168e-07,0.6700601405389759,-2.908156895328835e-26,6.057817381839304,0.16507595672954656,0.16507595672954656,0.30210054114031715,0.022751418009392954
0.6876261224570098,-2.1367812998581885e-07,1.0665830774342644e-25,1.001975729913847e-07,0.6658134933105816,-3.339836942183545e-25,6.030230201874641,0.16583114848403732,0.16583114848403732,0.3002007054904474,0.023042360712558385
0.689344188394361,-1.7992029492110902e-07,-1.8997455316998822e-25,8.512001255979738e-08,0.6619813226384638,-1.0428684322794602e-24,6.004884753340709,0.1665310894507456,0.1665310894507456,0.2984825158108234,0.02331097713700303
0.6910536813349742,-1.5181480497784391e-07,-2.25754583706219e-26,7.259959133981822e-08,0.6581759704596891,5.58812399366137e-25,5.979287711962297,0.1672440009868362,0.1672440009868362,0.29677289680160135,0.023583602549105076
0.6929241534076988,-1.2644280928060644e-07,-5.0680450469491886e-26,6.130729827059462e-08,0.6540207562307281,1.296051003836034e-25,5.95084272128642,0.16804342625674798,0.16804342625674798,0.294902283340426,0.023888219209726835
0.6946154597880759,-1.0763289340893765e-07,1.57340406254972e-25,5.292755071143619e-08,0.6502708829030025,1.0420340896577814e-24,5.924723837377076,0.16878423829501363,0.16878423829501363,0.29321084593455626,0.024169534687621286
0.69629802439445,-9.222703003289654e-08,1.5454357329454882e-25,4.6045324840925195e-08,0.6465469981397536,6.911059756838515e-25,5.8983597604722515,0.16953865830658235,0.16953865830658235,0.2915281479072489,0.02445512328452204
0.6981386900075801,-7.857027140686693e-08,-1.7593764141970016e-26,3.9914688249016824e-08,0.6424803875573226,7.440022872204271e-25,5.86907878632628,0.17038449071935954,0.17038449071935954,0.289687332736693,0.024774314897894834
0.6998027391739406,-6.86491140361703e-08,7.643294548337677e-26,3.542940009998562e-08,0.6388100977560168,4.278452239330001e-25,5.842207302758222,0.17116818150699312,0.17116818150699312,0.28802314504308446,0.025069176812848593
0.70162292631449,-6.000695062606052e-08,-2.6614853878418316e-26,3.148473677904047e-08,0.6348016704758961,-1.8670531499621965e-25,5.812374068606907,0.17204673825125594,0.17204673825125594,0.28620280267047915,0.025398801322286113
0.7032682614277486,-5.387092721142627e-08,4.9822957885251707e-26,2.8648012263540028e-08,0.6311835428738739,-1.0042350755611282e-24,5.785006117513425,0.17286066422170546,0.17286066422170546,0.2845573238179576,0.025703365878181006
0.7049046196621527,-4.9104577791421505e-08,-5.562750922045408e-26,2.640738710831648e-08,0.6275897148419114,-1.0251478147042266e-24,5.757405877821735,0.17368933530500744,0.17368933530500744,0.28292081932431634,0.026012710136642525
0.7066941972430366,-4.519363068483005e-08,-9.96780102810881e-26,2.4521411791319412e-08,0.6236641323322933,9.250421331202817e-25,5.726780672381778,0.1746181768096417,0.1746181768096417,0.2811310779178915,0.026358637607772906
0.7083115738617866,-4.266815810918753e-08,4.185494843498048e-26,2.325266753373917e-08,0.6201201247233,1.38210001834888e-24,5.698701885606388,0.17547855986742705,0.17547855986742705,0.27951354966635156,0.026678372785650106
0.7100801777707735,-4.086305069601466e-08,7.073500909133452e-26,2.2273761166063292e-08,0.6162484039274809,1.0619427702798111e-24,5.66755749179949,0.17644285063661397,0.17644285063661397,0.2777447759593219,0.027036004015685622
0.7116784041563001,-3.999900718326965e-08,-3.383023306205793e-26,2.1711309160612483e-08,0.6127524747177632,-1.99533298605438e-24,5.639013514877528,0.17733598214682034,0.17733598214682034,0.27614639245490225,0.027366636081868956
0.7132674543997637,-3.979797925178097e-08,-1.079737643391803e-25,2.1421285775501573e-08,0.6092787898093165,-1.2436591415794314e-24,5.610252996621139,0.17824508103329123,0.17824508103329123,0.27455718243992044,0.027702644963827905
0.7150047685455431,-4.027784664112841e-08,3.229276709861134e-26,2.138040222645115e-08,0.6054829035242856,-1.2821933814974633e-24,5.578370326238252,0.1792638246508,0.1792638246508,0.2728196894503748,0.0280786161015395
0.7165744331959214,-4.130906515805028e-08,-7.6284599061607e-26,2.1569080098061767e-08,0.6020544826934335,-1.1212784978651759e-24,5.549166106792856,0.18020725650577987,0.18020725650577987,0.2712498593723265,0.02842633308694953
0.7182903387281077,-4.306421010527225e-08,1.1865155395168954e-26,2.2000023137109676e-08,0.5983072614730757,1.46127725241775e-25,5.516803886365807,0.1812643734665634,0.1812643734665634,0.2695337687101719,0.028815506059256424
0.7198404653551733,-4.5203280629278764e-08,-3.3478216978887964e-26,2.2576002769986047e-08,0.5949220220159948,1.023561412850054e-24,5.487171685397701,0.1822432497713112,0.1822432497713112,0.26798347088166596,0.029175528191999978
0.7213812357107561,-4.7845021387287484e-08,8.642257356208837e-26,2.3312271177807384e-08,0.5915565690956021,-1.9032490848319726e-24,5.457341473307102,0.18323940418447163,0.18323940418447163,0.26644252653334544,0.029541631779579025
0.7230652366016033,-5.131682674212954e-08,1.9093937648440887e-25,2.4291157663221496e-08,0.5878767983658053,2.655075973148421e-24,5.424304156369555,0.18435544379010124,0.18435544379010124,0.26475833099396695,0.029951548476916612
0.7245862497164042,-5.4973813211326246e-08,-1.6187634892786682e-25,2.5321249950983185e-08,0.584551170284958,-3.462913533787653e-24,5.394070826209634,0.18538874112312892,0.18538874112312892,0.2632371379356637,0.03033091587940584
0.7262484362360675,-5.952901350128337e-08,-5.326097447120913e-26,2.6594647833981365e-08,0.5809138671580371,2.6073190640247704e-24,5.3605998322196475,0.18654628797127223,0.18654628797127223,0.2615747501547251,0.030755804702805478
0.7277495435411505,-6.41336454801566e-08,-9.216581860528633e-26,2.7867935329141625e-08,0.5776255860266977,8.267803654283585e-25,5.3299813376256875,0.18761791771028294,0.18761791771028294,0.26007345683332206,0.031149142121378204
0.7292411186027047,-6.915468133203242e-08,1.7849609385133442e-25,2.9240402239306923e-08,0.5743541676725402,-6.055866789302856e-25,5.299186004159184,0.18870822787030456,0.18870822787030456,0.2585816928202652,0.03154939436494075
0.7308707991957248,-7.512206331169425e-08,1.6971409970042846e-25,3.0853069901164636e-08,0.5707743418739275,4.94482248531191e-25,5.265112114756015,0.18992947884194106,0.18992947884194106,0.2569518009567894,0.03199786973996499
0.7323422402393115,-8.09097676634217e-08,-1.1816972008377425e-25,3.240247525118434e-08,0.5675362888070619,-2.9616682486923067e-25,5.2339597862904945,0.19105993183580378,0.19105993183580378,0.25548016470583046,0.03241322573983896
0.7338040358813154,-8.69961458401993e-08,-3.5222841400975134e-26,3.402264433285356e-08,0.5643131057668465,-2.4851780016112e-24,5.202644519079118,0.1922099417580432,0.1922099417580432,0.25401817083334866,0.03283606379452397
0.7354008237893046,-9.397259438434819e-08,1.3759518381544382e-25,3.587770612100695e-08,0.5607839597417936,2.9591677917135425e-24,5.1680151417891675,0.19349788508046048,0.19349788508046048,0.2524211613459404,0.03331006058838015
0.7368422343586695,-1.0050464182502537e-07,4.748848558407035e-26,3.7623416477402896e-08,0.5575897438396009,-2.3635826907592467e-24,5.13637312710603,0.19468990574744846,0.19468990574744846,0.2509795461041413,0.03374925378514382
0.7384164965698934,-1.0781450646518139e-07,5.471863539805035e-26,3.960293361240067e-08,0.5540907110249434,4.2104272428423145e-25,5.101396147392642,0.19602476873142005,0.19602476873142005,0.24940505515734668,0.03424173885270232
0.7398373315852504,-1.1449145030483198e-07,1.7934056276386362e-25,4.145295306683905e-08,0.5509222259661225,3.2037507061915857e-24,5.0694491362130005,0.19726009140847675,0.19726009140847675,0.2479840089000519,0.03469820669794377
0.7412482955834808,-1.2111448482740298e-07,2.988233995591005e-25,4.334927885710098e-08,0.5477647917132137,-2.873068699596428e-24,5.03736484835424,0.1985164922740727,0.1985164922740727,0.24657283048641288,0.03516324144309968
0.7427888941797579,-1.28234260761292e-07,8.064837991249327e-26,4.5489088662885575e-08,0.5443034101464904,1.3934329525585611e-24,5.001919911434847,0.19992323301976678,0.19992323301976678,0.24503199233289996,0.03568494821517221
0.7441789599413761,-1.3445800011468098e-07,-1.8347696660127258e-25,4.748562150004203e-08,0.5411665143102274,-5.485015469386067e-24,4.9695647620956125,0.20122486532971767,0.20122486532971767,0.24364170539622265,0.036168727890324326
0.7456964352597806,-1.4091534899121993e-07,-4.775368212353186e-25,4.974302029313316e-08,0.5377256572699782,-1.236486544904197e-23,4.933835247643571,0.20268208195188642,0.20268208195188642,0.2421239830136367,0.03671163701378444
0.7470653491984321,-1.463293272173795e-07,1.6429108627944113e-25,5.1856776809419364e-08,0.5346054765394345,6.52757558716106e-24,4.90123386080162,0.20403025613563466,0.20403025613563466,0.24075484101039146,0.03721523779118485
0.7484240920723891,-1.5121081329428074e-07,2.732531481662743e-25,5.403633112883656e-08,0.5314918342215468,4.255324399731757e-24,4.868524256336143,0.20540105119093316,0.20540105119093316,0.23939586674524416,0.037728674859390465
0.7499068789983195,-1.5585454422634502e-07,-8.053777063970512e-26,5.6519222785550574e-08,0.5280732346354708,-1.5776060165373352e-24,4.832425913717246,0.20693540218825007,0.20693540218825007,0.23791282141135128,0.038305134977043576
0.7512440324366132,-1.593192809581237e-07,-1.0844339833508526e-25,5.886303850370626e-08,0.5249701650188192,-3.3884765332381634e-24,4.7995089065074215,0.20835465033602676,0.20835465033602676,0.23657542949930543,0.038840104949460996
0.752702886451897,-1.621948356546696e-07,2.6127812234269204e-25,6.154653314983768e-08,0.5215607464374318,3.3752236207334565e-24,4.763197705730206,0.2099429966547438,0.2099429966547438,0.23511630921299465,0.03944092647719233
0.754018104307604,-1.6387593341135602e-07,-4.0131727239467686e-25,6.408932877342088e-08,0.5184637199444596,-5.342092977290719e-24,4.730101485880992,0.21141195447601432,0.21141195447601432,0.23380084566948767,0.03999867397028467
0.7553227419600759,-1.6459996640731595e-07,-3.128012402774229e-25,6.673566294312862e-08,0.5153678859026595,-6.487480569684218e-24,4.696930324508496,0.21290501048781127,0.21290501048781127,0.23249595884759344,0.04056772527836938
0.7567455108891272,-1.6422675518149594e-07,5.910981299175605e-25,6.976794367803942e-08,0.5119624873133382,1.1507481034346815e-23,4.660363823613605,0.21457552196528054,0.21457552196528054,0.23107291177512213,0.041207101953142256
0.7580276175988029,-1.6278170298929177e-07,-1.7540297004968472e-25,7.26313220401945e-08,0.5088654101383372,-3.439920712144058e-24,4.627058248959859,0.2161200370072703,0.2161200370072703,0.22979054848697245,0.04180089284842503
0.7594253531718684,-1.5994968042543e-07,-1.6784113215209386e-25,7.588601701591185e-08,0.5054557373856243,-2.961957355771603e-24,4.590361643163365,0.21784775966166972,0.21784775966166972,0.22839252654761122,0.04246825023694889
0.7606844624524081,-1.562454654684747e-07,-4.0896383665283025e-25,7.89196231371326e-08,0.5023520407589582,-6.504692665083993e-24,4.5569544494042535,0.21944480926965015,0.21944480926965015,0.2271331531468368,0.04308819108963802
0.7619324407158468,-1.5149003961642627e-07,-7.693483352736095e-25,8.199301133465205e-08,0.4992431921643438,-1.1204295481102334e-23,4.523511033329918,0.22106721805956647,0.22106721805956647,0.2258849071250385,0.04372109769357457
0.7632922117499733,-1.4510733909629204e-07,-3.6042901723423926e-25,8.536623610742148e-08,0.49581589719878977,-5.8228871135772586e-24,4.4866912386997875,0.22288139450616468,0.22288139450616468,0.2245248373185057,0.044432675691036705
0.764516402215727,-1.383493644708906e-07,7.718110069492994e-25,8.835810662773693e-08,0.4926917867599042,8.406422509706101e-24,4.453198791201113,0.22455768244073399,0.22455768244073399,0.2233003713555558,0.04509392168854953
0.765729055164085,-1.308065479920226e-07,-6.608604951403756e-25,9.11916596337903e-08,0.4895581986763872,-5.473013376304046e-24,4.419696473392852,0.2262598814240141,0.2262598814240141,0.22208743917756912,0.04576920256077455
0.7670494751587993,-1.2179930942128894e-07,-1.6561911480348595e-25,9.399271283364501e-08,0.4860985274348582,-2.1183111751012588e-24,4.382843408060839,0.22816238384442844,0.22816238384442844,0.22076670768265827,0.04652864448722538
0.7682374218874337,-1.1319671897874358e-07,-6.364572785558826e-25,9.609603920527624e-08,0.4829401363838773,-3.3706460340472166e-24,4.3493504096441935,0.2299193915906644,0.2299193915906644,0.21957847378612616,0.04723455482715899
0.7695302901938199,-1.0361192121754767e-07,1.1883295952881184e-24,9.769596384118604e-08,0.479449392906262,-2.9680718966640867e-24,4.312530968887043,0.2318823927792164,0.2318823927792164,0.21828528517217338,0.048028558542358324
0.7706928345752571,-9.515359710231645e-08,1.2562989484640398e-24,9.825011212605821e-08,0.47625920287470175,-7.50283337148209e-24,4.279090588366925,0.23369451507256842,0.23369451507256842,0.21712244554708104,0.04876668232243708
0.7718430209707733,-8.73644633477862e-08,1.334510424038759e-24,9.764888335332176e-08,0.4730512855526879,-1.8187686158735593e-23,4.245691463590931,0.23553289460045165,0.23553289460045165,0.21597196001311292,0.049520703809745825
0.7730937410397879,-8.01683010904233e-08,-7.843774377781312e-25,9.522616439264441e-08,0.4695000341746953,1.5716071643588613e-23,4.209013202747192,0.23758537971496677,0.23758537971496677,0.21472090635468744,0.05036891597836601
0.7742173925368778,-7.55283169472836e-08,-7.904136884286193e-25,9.094627519047856e-08,0.4662492013263571,2.3497662379247598e-23,4.1757369755298575,0.23947868504651457,0.23947868504651457,0.21359694743409796,0.0511574818639664
0.7754384733911471,-7.341001611888744e-08,-1.892489237860149e-24,8.328977677628624e-08,0.46264637337201153,6.906554716624902e-23,4.139222172029872,0.24159128416863898,0.24159128416863898,0.21237552379604097,0.0520445421386847
0.7765347587556446,-7.51403183904455e-08,-2.7268373235752407e-24,7.293501841855138e-08,0.4593445841097667,1.7989601538216287e-22,4.106121251151569,0.24353883844018204,0.24353883844018204,0.2112789225742785,0.052869179987878434
0.7776177079232621,-8.141886818263546e-08,3.5356123090558824e-24,5.8523757535741285e-08,0.4560155954279398,-3.4147873529871787e-22,4.073123453950603,0.24551183171972854,0.24551183171972854,0.21019565347864,0.05371150734180319
0.7787933079050657,-9.504667153631354e-08,-7.00493086682482e-24,3.683023006823824e-08,0.4523199744182523,1.1339973244431568e-21,4.0369609092016905,0.2477110931940508,0.2477110931940508,0.20901969683023314,0.05465887128181057
0.7798475913235303,-1.1512920656070933e-07,-3.314560785373323e-24,1.0530599533101899e-08,0.44892751186228047,1.009722387867568e-21,4.0042236561818205,0.2497362999332405,0.2497362999332405,0.20796508481337406,0.05553934324655596
0.7809911606029651,-1.4782413852149212e-07,-3.950655117611498e-23,-2.7378378797043716e-08,0.4451572541467944,4.0285603922305953e-20,3.9683819724108114,0.2519918714862257,0.2519918714862257,0.20682114923448902,0.05652935338700571
0.7820158694066339,-1.8943271981627942e-07,-5.5178806775975094e-33,-7.186056881756032e-08,0.44169251596557835,2.1349047655312344e-31,3.935968732714096,0.25406705893988074,0.25406705893988074,0.20579610298419582,0.0574491673607862
0.7830261747998584,-2.44899640685411e-07,-4.676178298749113e-33,-1.2801102641567007e-07,0.4381902276682117,-2.5654637502944574e-31,3.903733491805081,0.2561650281965333,0.2561650281965333,0.20478545586257568,0.05838806705795707
0.784120631043151,-3.2541731507203037e-07,5.111008790292485e-34,-2.0621985009316678e-07,0.43429192496962765,2.8662385334410907e-32,3.8684994441353124,0.2584981630321832,0.2584981630321832,0.20369061871540484,0.059443117424294534
0.7851000285979916,-4.2012793140030666e-07,5.645434175191119e-35,-2.9550946986721405e-07,0.430704207476617,2.9558537160837415e-33,3.8366907514055653,0.2606412830207,0.2606412830207,0.2027108702807101,0.060422645319558654
0.7861600071085891,-5.531093510386874e-07,-2.8533866837107794e-34,-4.1818462713507947e-07,0.4267070843015477,-1.444299373695475e-32,3.8019667438038893,0.2630217640987291,0.2630217640987291,0.2016505006699082,0.061522674945338696
0.7871076404771139,-7.05598130614494e-07,2.2258549505205293e-33,-5.566704737395587e-07,0.4230251928441825,1.1070408885987702e-31,3.7706599950540407,0.26520556117806854,0.26520556117806854,0.20070250702445314,0.06254324950031709
0.7880398686500903,-8.9433540046222e-07,7.942423473306846e-34,-7.262532078345254e-07,0.41929549538493055,3.788218403870054e-32,3.7396200730694504,0.2674068435992772,0.2674068435992772,0.1997699140004514,0.06358338164728805
0.7890473305173724,-1.1523512169985259e-06,1.447526511625144e-34,-9.56275197768579e-07,0.41513544122061824,7.745067993462287e-33,3.705806482937427,0.2698467943764146,0.2698467943764146,0.19876204542738984,0.06475002716914502
0.7899466891256133,-1.4420246875210038e-06,-1.0638207039239557e-33,-1.2131928328200263e-06,0.41129952770052036,-4.885398089042758e-32,3.675387699352003,0.2720801400560564,0.2720801400560564,0.19786231211821892,0.06583091471702096
0.7908301823279762,-1.7947898064780368e-06,2.5069628702566875e-34,-1.5251346161052676e-06,0.4074104673891499,1.0743777460950385e-32,3.645294389590894,0.27432626644791464,0.27432626644791464,0.1969784393912477,0.06693091431122611
0.7917835684330248,-2.270456402274396e-06,6.20725413608258e-34,-1.9450931231928067e-06,0.40306934019663304,2.7879128184493267e-32,3.612590968049197,0.2768096385237881,0.2768096385237881,0.19602463011909144,0.06816263649739662
0.7926334104202007,-2.798641464615266e-06,1.3364429267219564e-33,-2.4112478274129034e-06,0.39906398889241074,5.898974972474214e-32,3.5832448560460803,0.279076658217392,0.279076658217392,0.19517439814082693,0.06930172233005438
0.7935496038880563,-3.507041227642567e-06,-8.952622381817078e-34,-3.036808907330124e-06,0.39459190650537845,-3.856545011245132e-32,3.551411118935504,0.2815782139860335,0.2815782139860335,0.1942577697045943,0.07057541497034958
0.7943655376826574,-4.2902890482327015e-06,-3.8542706219151464e-33,-3.7293226208538756e-06,0.3904651424916228,-1.6819838545647303e-31,3.5228990003652214,0.2838571301352464,0.2838571301352464,0.19344143489465537,0.07175152927778017
0.7951653156782802,-5.2329450288446636e-06,1.1973311373112242e-33,-4.564156381794319e-06,0.38627926575840643,5.209068011173846e-32,3.4948141961659327,0.2861382448019907,0.2861382448019907,0.19264125039310154,0.0729443186344052
0.7960264625854441,-6.491259128916427e-06,-2.755905614133433e-34,-5.680871873135956e-06,0.3816058781052141,-1.2054601059022151e-32,3.464437118985272,0.28864717864843176,0.28864717864843176,0.19177964976748751,0.07427476219658657
0.7967924954995439,-7.87701651952636e-06,-1.0568353337157789e-33,-6.913529437355445e-06,0.3772943489551889,-4.688759692519715e-32,3.437310858613475,0.29092509846589054,0.29092509846589054,0.19101319818860008,0.07550006031823231
0.7976167754313989,-9.72260063711565e-06,1.6131100161606786e-33,-8.559267537532994e-06,0.37248229264247,7.237781809779412e-32,3.4080319143121804,0.29342448226510315,0.29342448226510315,0.19018845061662715,0.0768641413136002
0.7983496183464832,-1.1750498546796976e-05,-2.003910266874358e-33,-1.0372149720077226e-05,0.36804483044157693,-9.113857396958858e-32,3.3819418577106592,0.29568811117200305,0.29568811117200305,0.18945517581395643,0.07811790413702768
0.7990669678738352,-1.417712470099919e-05,-3.189849922627838e-33,-1.2546769655942513e-05,0.36354794296926024,-1.4709294266830743e-31,3.3563699932650373,0.2979409308290269,0.2979409308290269,0.1887373876391708,0.07938359267839024
0.7998384715537492,-1.7395639112306093e-05,1.3151377090391529e-33,-1.5438403987004592e-05,0.3585335458138437,6.246876623925834e-32,3.328856555112642,0.3004034518892515,0.3004034518892515,0.18796539321925987,0.08078825846063387
0.8005241906018583,-2.0914207510636322e-05,1.0174270616609237e-33,-1.8607529008520803e-05,0.35391435220291884,4.533778482770626e-32,3.3044180439081883,0.30262514812359637,0.30262514812359637,0.1872792201369744,0.08207520201946972
0.8012617030995871,-2.555765761313366e-05,1.0602382639954732e-34,-2.280013997404752e-05,0.3487679711582655,8.749705840252955e-34,3.2781808933424004,0.30504722970928244,0.30504722970928244,0.18654119896787946,0.08350026448036418
0.8019173417161304,-3.060076857166369e-05,4.3412964680656696e-33,-2.73645518793088e-05,0.34403166117644796,2.226472564099444e-31,3.2549263207995454,0.30722661634760395,0.30722661634760395,0.18588508901673972,0.08480292995624472
0.8025592987132045,-3.654872019909292e-05,-7.83852884865039e-35,-3.2760043715275565e-05,0.3392420769610758,-7.023846327919284e-33,3.2322495497505375,0.30938205253278767,0.30938205253278767,0.18524265169040732,0.08611101854855052
0.8032501867982149,-4.428157122691039e-05,3.131164565217408e-33,-3.9791064669141325e-05,0.33391440193345906,1.6652728071183976e-31,3.2079811721535316,0.31172252776305903,0.31172252776305903,0.18455122425624637,0.08755452011590004
0.8038648935269452,-5.2518798495888904e-05,3.4321380689113676e-33,-4.729803368067275e-05,0.329019876614453,2.040529216697434e-31,3.1865404290087223,0.3138199631476456,0.3138199631476456,0.18393601670553428,0.0888694164723749
0.80452693307162,-6.30253832564753e-05,-4.60655460402568e-34,-5.68956213815181e-05,0.3235830723236132,-8.209027666619253e-33,3.1636459805920207,0.31609099315621514,0.31609099315621514,0.18327341419982024,0.09031683365298038
0.8051164248022582,-7.395141811834198e-05,-2.0506586178467124e-33,-6.690017963827035e-05,0.3185961563292946,-1.330471814425126e-31,3.143465976420679,0.3181201920113207,0.3181201920113207,0.18268339941561462,0.09163188786049592
0.8056945835172735,-8.617961022507352e-05,-9.92165488233104e-34,-7.812360272803714e-05,0.3135711209148979,-5.565487258623088e-32,3.1238940147487546,0.3201132929858464,0.3201132929858464,0.18210470679759305,0.09294447190272359
0.8063179367144403,-0.00010101916000873654,3.793722598975359e-35,-9.1779883551494e-05,0.30800517207383515,3.3349426739281064e-33,3.1030728096241242,0.3222612105325141,0.3222612105325141,0.18148075391242724,0.09438335205625603
0.8068735371456885,-0.00011554802874474935,-9.413811346326872e-34,-0.0001051886842584244,0.3029161315750095,-7.775867543726362e-32,3.084792727579502,0.3241708887146706,0.3241708887146706,0.1809245974261221,0.09568491244219068
0.8074189299120484,-0.00013072861659056884,4.286628022492388e-34,-0.0001192418639016784,0.2978054779903635,2.085227373618469e-32,3.0671334110124566,0.32603733388626915,0.32603733388626915,0.1803786388220613,0.09697833016502
0.8080074784725156,-0.00014765519427146166,-6.4562739166201205e-34,-0.00013496939183069913,0.2921660812352658,-3.6699295983505524e-32,3.0484263905734927,0.3280380996215797,0.3280380996215797,0.17978945736041418,0.09838949938047037
0.8085325835472509,-0.00016268997822903143,2.0017394322851397e-34,-0.00014900067561484366,0.28702963930135345,1.0554604310825559e-33,3.0320703597772356,0.3298076500023797,0.3298076500023797,0.17926376810445654,0.09966002176483091
0.8090998231090563,-0.00017817928540415023,-1.8248908829460217e-34,-0.00016353516417556678,0.2813751040588547,-9.867513425037606e-34,3.0147854122205864,0.33169856665301917,0.33169856665301917,0.17869587678085574,0.1010422696424802
0.809606663942956,-0.0001907799275832158,-5.271234074276157e-34,-0.0001754424566623287,0.27623469691534824,-1.7779316159286106e-32,2.999700823328426,0.33336657850112333,0.33336657850112333,0.17818843515144256,0.10228380199948073
0.8101057782698766,-0.00020158499492059533,7.349090549518023e-34,-0.00018574532243848159,0.2710967336064566,3.2172865106709516e-32,2.985197268493316,0.3349862371087853,0.3349862371087853,0.17768871167032863,0.1035103485120974
0.8106467863061174,-0.00021113869018047157,-1.2924793276968971e-33,-0.00019497834633317563,0.2654486745831136,-9.633695344663201e-32,2.9698886744473274,0.3367129578303443,0.3367129578303443,0.17714702273520433,0.10484197856430355
0.8111322160726857,-0.00021764607953535676,-6.7916076014041815e-34,-0.0002013996776790025,0.26031684640998665,-4.09377215671814e-32,2.956532229721079,0.33823409396566617,0.33823409396566617,0.17666096255415165,0.10603669338945498
0.8116601982706569,-0.00022252347888385797,6.043817388133465e-35,-0.0002063882943323052,0.25467308969860936,1.2176088186216159e-32,2.9424258077901357,0.33985563794080326,0.33985563794080326,0.17613227210821125,0.10733385039161614
0.8121356414349035,-0.00022510175552835086,-1.8633761199632328e-34,-0.00020922900199256663,0.2495414556314203,-4.4022243464812316e-32,2.9301076930315064,0.3412843843174222,0.3412843843174222,0.17565616939891415,0.10849809768175234
0.8126075789420556,-0.0002261827324163904,-5.124970577318605e-34,-0.00021069805194507812,0.24440684647764283,-1.7224334043803624e-32,2.918247762691179,0.3426713841040728,0.3426713841040728,0.17518355513426997,0.10964857083127821
0.8131235347111389,-0.00022598013559609889,-1.3661490959166619e-34,-0.00021103511519042685,0.23875315792593974,-2.8468441784348733e-33,2.9057062978148487,0.34415040527393315,0.34415040527393315,0.17466683232943803,0.11089871470367507
0.8135904217321306,-0.00022482851674066127,-5.375961637007663e-34,-0.0002104496389244744,0.23360669150193936,-1.5315978708016477e-32,2.8947434560664593,0.34545375615387225,0.34545375615387225,0.17419922493102402,0.11202164021461514
0.814102357635408,-0.0002228015904792962,1.1797613907768632e-34,-0.00020910221297285584,0.22793674301198982,-2.2003380098016496e-32,2.8831464271963863,0.34684329264969543,0.34684329264969543,0.1736864683098337,0.11324229890985005
0.8145668503313659,-0.00022049582264564843,7.143972802118034e-35,-0.00020744673556091805,0.22277334778517613,1.0303489641946247e-32,2.8730079128654,0.34806726271862165,0.34806726271862165,0.17322120113006567,0.11433899404112646
0.8150309895066163,-0.00021792696723153145,2.0111142358518008e-33,-0.00020554479442476452,0.2176009535843501,2.5854924458391384e-32,2.8632408141608017,0.3492545911801323,0.3492545911801323,0.17275625782297255,0.11542348039857542
0.8155416678926428,-0.00021495942223306145,-1.0428368443571109e-33,-0.00020331729616985845,0.21190059139124762,-8.057162622105513e-33,2.852911761711042,0.35051907788422,0.35051907788422,0.17224465744753636,0.11660245153983917
0.8160064816248155,-0.00021224627732611064,2.2336301221016788e-34,-0.00020127399036302813,0.20670856044043912,2.466157394115309e-32,2.843886856785871,0.3516314292229575,0.3516314292229575,0.17177896838956708,0.11766164013893476
0.8165188637547658,-0.00020934104374646344,-1.524145818870004e-33,-0.00019909493594330132,0.20098644093534465,-4.5379845959726535e-33,2.834348558231852,0.3528147577670647,0.3528147577670647,0.17126557869635328,0.11881296334334324
0.8169860409393948,-0.00020683338030435923,1.2615237530165954e-33,-0.00019723290449450334,0.19577467653859487,1.7889667270173849e-32,2.8260207356068094,0.3538544453691978,0.3538544453691978,0.17079744119991436,0.1198471489055476
0.8174548752098642,-0.00020449441738011037,-1.2976965426231973e-33,-0.00019552222104318942,0.19055363025112582,1.630029168077273e-32,2.8180105933946162,0.3548602699876247,0.3548602699876247,0.17032760049060647,0.12086950991956769
0.8179728864118255,-0.00020214912928440295,-3.0452362550072275e-34,-0.00019384481735364647,0.1847998686710341,4.8898318015431784e-33,2.8095561494342123,0.355928106367043,0.355928106367043,0.1698084239174953,0.1219805134047327
0.8184462190519037,-0.0002002434714108221,-9.69015355841291e-34,-0.00019252279431722163,0.17955962124318914,1.2394831877100808e-32,2.802185747068896,0.3568642803375923,0.3568642803375923,0.1693339737636539,0.12297822142432635
0.818922148731212,-0.00019856485502422577,1.5024518718832925e-33,-0.00019140331810306224,0.174310341670223,-2.435231372092069e-32,2.795107771068717,0.35776795812694095,0.35776795812694095,0.16885686579374304,0.12396428551293515
0.8194490008033537,-0.00019698761178819837,-3.84189741988216e-33,-0.00019041048578399055,0.16852575117235138,-4.8566719078065073e-32,2.7876509500186355,0.35872496877462906,0.35872496877462906,0.1683286402590216,0.12503559097324668
0.8199312716964591,-0.00019580101218517965,4.67558181869504e-32,-0.0001897250755054837,0.1632576090413062,2.1599614784924756e-33,2.7811634533550835,0.3595617506024827,0.3595617506024827,0.16784504307303993,0.12599743787868767
0.8204657292961195,-0.00019476748429552638,-1.247063416528131e-32,-0.00018920696974232068,0.1574522696334837,-1.018100063287151e-32,2.7743395678798306,0.3604461442202646,0.3604461442202646,0.16730903149619702,0.127042296951985
0.8210952210421392,-0.0005737023973161416,-8.748758298578374e-33,-0.0005553615565505457,0.15072958089832497,-4.1979499995372876e-33,2.767066138353179,0.36139360246558855,0.36139360246558855,0.16667920662300084,0.12824813957041348
0.8216556175296625,-0.0007564753546327648,-4.537505921630154e-32,-0.0007316498798485835,0.14477653014380562,-4.6726490916316796e-33,2.760930660645052,0.36219670933943854,0.36219670933943854,0.16611831224751972,0.1292919280017263
0.8222682405786715,-0.0009351965270718773,-2.274654142341123e-31,-0.0009036827818006295,0.1383255425535682,1.1575144801716132e-32,2.7546647458177946,0.3630205822752938,0.3630205822752938,0.16550531620994557,0.13040377797925506
0.8228990292609274,-0.0012847759445677141,9.00776410078929e-31,-0.0012363571571434736,0.1317850077136127,-2.0212158728700712e-32,2.7488404201774657,0.36378976118789746,0.36378976118789746,0.1648763616271154,0.13151763143064565
0.8235178625621129,-0.0014528207648279307,-1.1597896393081083e-29,-0.0013960977827702336,0.125401881206387,7.656594969836919e-31,2.7434324018892893,0.3645068853569496,0.3645068853569496,0.16425807776376,0.13257961993335665
0.8240902405937235,-0.001618006698140785,9.920293761687342e-28,-0.0015520593087995382,0.11955954733106301,-1.0225653008427417e-28,2.7388235737926627,0.365120268997547,0.365120268997547,0.16368673633698805,0.13353600290720158
0.824666738410903,-0.0017801926179328539,1.9329372123145237e-30,-0.0017041651197016216,0.1137322361784092,-2.835814675487697e-31,2.7345382547349995,0.36569245219680013,0.36569245219680013,0.16311165924586946,0.13447469501290377
0.8253581242276469,-0.002094998849174768,-1.2214704173954615e-31,-0.0019955796526803433,0.10685130848753328,2.735925262355198e-32,2.729997253963356,0.36630073475283526,0.36630073475283526,0.1624252816200481,0.13556718393262712
0.8259428976098019,-0.002247479789320751,-7.558938334004147e-32,-0.002135378079054707,0.10106839123971245,-1.6044047646810086e-33,2.7264183920811904,0.36678156327894257,0.36678156327894257,0.16184319185302565,0.13646582802547336
0.8266402657804994,-0.002397316516538603,-3.8177019811208433e-31,-0.0022711860169767235,0.09423964486773635,1.4636449628931135e-31,2.7225571394045724,0.36730174934682974,0.36730174934682974,0.16114892618630772,0.1375073290431681
0.8272888045663037,-0.0026836762638217265,-4.529965634499406e-32,-0.0025280949314643556,0.08800536238724535,1.813516108570306e-32,2.7195908879383985,0.3677023645119122,0.3677023645119122,0.1605088648056826,0.13844334203955455
0.8278885859049269,-0.0028220752331830495,-6.88303708059984e-32,-0.0026496467320116864,0.08226684032994833,4.372750335857138e-32,2.7170551498832,0.3680455290143771,0.3680455290143771,0.1599140475036167,0.13928677363394693
0.8285495402512614,-0.0029563283063057545,1.6526511486927344e-32,-0.002765499705995718,0.07600575193050677,-1.6416320495030914e-32,2.714646203897567,0.36837212840636285,0.36837212840636285,0.15925889036297247,0.140189782271263
0.8291604693997018,-0.003085197520036677,4.235521616215341e-32,-0.0028751710179698055,0.07028270458351538,-3.983165506924253e-32,2.712820677881783,0.3686200153785385,0.3686200153785385,0.15865459435441176,0.14099943883808141
0.8298338612347899,-0.003207659462921109,4.403597604927434e-32,-0.0029770541777430996,0.0640367878571243,-4.6076559382681573e-32,2.7112360389259513,0.36883546310344384,0.36883546310344384,0.15798892284204757,0.14186494371669844
0.8304554025652416,-0.0033221557367264063,-5.541549468458305e-34,-0.003070962813272844,0.05833532468129781,6.821014003131996e-34,2.710238174758376,0.36897126212501685,0.36897126212501685,0.15737601346462737,0.14263774806972762
0.8311221072619346,-0.0035347006019188897,-1.308002410083901e-32,-0.003248206779573517,0.052319252918875715,2.324749461864341e-33,2.709923988632882,0.3690140403179669,0.3690140403179669,0.1567268225041748,0.14343334093601678
0.8317497499585584,-0.003620265384179741,2.2590848943566674e-32,-0.003314893748324146,0.046677633493434206,-2.5432146135780404e-32,2.7100158365163507,0.3690015336904717,0.3690015336904717,0.1561104694313663,0.14415889994990538
0.8320460762028342,-0.003607745950358786,-1.414706866177641e-32,-0.0033008010104888194,0.04401453440539858,2.7924854258522293e-32,2.7101662386925867,0.3689810557460161,0.3689810557460161,0.15581570412544588,0.14449426196717463
0.8323800727618957,-0.0036881338743393727,-1.138071167666919e-32,-0.003366624301047102,0.04106597376856352,2.5174683007168726e-32,2.7108077522746066,0.3688937362529349,0.3688937362529349,0.15549218776154206,0.14485779429952084
0.8454776596142093,-0.005772319192028651,9.485468442320441e-33,-0.003794164895167442,-0.06552532333516792,-1.25760495751271e-32,2.690899910176172,0.3716228895093056,0.3716228895093056,0.1576304427213404,0.12617305765980957
0.8450992675864164,-0.005788646360777797,-9.9534865637801e-33,-0.003847729749461323,-0.06267150255748091,1.8316195973294588e-32,2.689365146775441,0.37183496677608235,0.37183496677608235,0.15734672709517372,0.12672593205281002
0.8334027122944179,-0.00377568467276003,6.794042988746732e-33,-0.003435585177964416,0.03208585037771975,-4.3889283740925846e-33,2.7143012821819066,0.36841893954975563,0.36841893954975563,0.15449229101223616,0.14591323453198446
0.8337315166512288,-0.0038097754619662296,1.8096577287966214e-32,-0.0034655922581546986,0.029238581150282127,-5.638589931922266e-32,2.7163438324517646,0.36814190753510123,0.36814190753510123,0.15417335360280404,0.14622514243277085
0.834057269343265,-0.003826122490369634,-7.429990634357371e-33,-0.003482691442780985,0.026429810950297256,2.6353305552909176e-32,2.718942092141428,0.36779010589828487,0.36779010589828487,0.15385613494072548,0.14651852364870488
0.8434932581488835,-0.0057217811745325625,-2.3728198038724492e-33,-0.003973442850070917,-0.05048406781207689,5.9339260107800095e-33,2.6829397474765977,0.372725478065818,0.372725478065818,0.15610003846383413,0.12902976145828615
0.8431300856967751,-0.005752115391098415,-5.5883624015270984e-33,-0.004028062554954062,-0.04768200222958464,9.559300393377326e-33,2.681394547579239,0.3729402675569693,0.3729402675569693,0.15581560377996673,0.12966465211873623
0.8350453005828247,-0.0036619641350494475,3.684490704924481e-33,-0.0033743571856891513,0.017944071386879465,-5.964525940897912e-32,2.7322079653876465,0.36600434984022884,0.36600434984022884,0.15285633849678926,0.14727134115555218
0.8353511495004966,-0.0035706689721560435,6.12348295654583e-32,-0.003319172768886882,0.015348083119482435,2.825305475989763e-31,2.739628080338544,0.3650130494634246,0.3650130494634246,0.15253050133328727,0.1474325944543191
0.8356482469656642,-0.0034370103651151485,-1.8165444190549146e-32,-0.0032366576290764446,0.012833837721272967,-6.535750980643663e-32,2.7496229280129434,0.3636862312326822,0.3636862312326822,0.1521896855367979,0.14753397226179543
0.8415387660116247,-0.00559479852340211,1.9179351603929235e-32,-0.004056723969648152,-0.03538389460855347,-2.9347998132964613e-32,2.674307671182809,0.373928553836782,0.373928553836782,0.15450723766672447,0.13226306644689723
0.8411978276528057,-0.005665233451089967,-5.2075442783721866e-33,-0.00412725127949624,-0.03268842516746,9.318136692913321e-33,2.6724152014812113,0.3741933511850032,0.3741933511850032,0.15423657999651819,0.13303124209059147
0.8396494132077547,-0.005554342642611725,-2.3815121543185164e-32,-0.004125131200812453,-0.020496459879994964,3.6419465489001486e-32,2.6617779068504364,0.37568874451409645,0.37568874451409645,0.15293304023342424,0.13628878688457713
0.8392773619679524,-0.005521348073781241,1.5981725769315309e-31,-0.004107214374116083,-0.017554197239480127,-2.257002659414531e-31,2.6581128316342157,0.3762067539417418,0.3762067539417418,0.1526213001554242,0.13717333999435743
